672 126
3 16
3 3 3 3 3 3 3 3 3 3 3 3 3 3 3 3 3 3 3 3 3 3 3 3 3 3 3 3 3 3 3 3 3 3 3 3 3 3 3 3 3 3 3 3 3 3 3 3 3 3 3 3 3 3 3 3 3 3 3 3 3 3 3 3 3 3 3 3 3 3 3 3 3 3 3 3 3 3 3 3 3 3 3 3 3 3 3 3 3 3 3 3 3 3 3 3 3 3 3 3 3 3 3 3 3 3 3 3 3 3 3 3 3 3 3 3 3 3 3 3 3 3 3 3 3 3 3 3 3 3 3 3 3 3 3 3 3 3 3 3 3 3 3 3 3 3 3 3 3 3 3 3 3 3 3 3 3 3 3 3 3 3 3 3 3 3 3 3 3 3 3 3 3 3 3 3 3 3 3 3 3 3 3 3 3 3 3 3 3 3 3 3 3 3 3 3 3 3 3 3 3 3 3 3 3 3 3 3 3 3 3 3 3 3 3 3 3 3 3 3 3 3 3 3 3 3 3 3 3 3 3 3 3 3 3 3 3 3 3 3 3 3 3 3 3 3 3 3 3 3 3 3 3 3 3 3 3 3 3 3 3 3 3 3 3 3 3 3 3 3 3 3 3 3 3 3 3 3 3 3 3 3 3 3 3 3 3 3 3 3 3 3 3 3 3 3 3 3 3 3 3 3 3 3 3 3 3 3 3 3 3 3 3 3 3 3 3 3 3 3 3 3 3 3 3 3 3 3 3 3 3 3 3 3 3 3 3 3 3 3 3 3 3 3 3 3 3 3 3 3 3 3 3 3 3 3 3 3 3 3 3 3 3 3 3 3 3 3 3 3 3 3 3 3 3 3 3 3 3 3 3 3 3 3 3 3 3 3 3 3 3 3 3 3 3 3 3 3 3 3 3 3 3 3 3 3 3 3 3 3 3 3 3 3 3 3 3 3 3 3 3 3 3 3 3 3 3 3 3 3 3 3 3 3 3 3 3 3 3 3 3 3 3 3 3 3 3 3 3 3 3 3 3 3 3 3 3 3 3 3 3 3 3 3 3 3 3 3 3 3 3 3 3 3 3 3 3 3 3 3 3 3 3 3 3 3 3 3 3 3 3 3 3 3 3 3 3 3 3 3 3 3 3 3 3 3 3 3 3 3 3 3 3 3 3 3 3 3 3 3 3 3 3 3 3 3 3 3 3 3 3 3 3 3 3 3 3 3 3 3 3 3 3 3 3 3 3 3 3 3 3 3 3 3 3 3 3 3 3 3 3 3 3 3 3 3 3 3 3 3 3 3 3 3 3 3 3 3 3 3 3 3 3 3 3 3 3 3 2 2 2 2 2 2 2 2 2 2 2 2 2 2 2 2 2 2 2 2 2 2 2 2 2 2 2 2 2 2 2 2 2 2 2 2 2 2 2 2 2 2 1 1 1 1 1 1 1 1 1 1 1 1 1 1 1 1 1 1 1 1 1 1 1 1 1 1 1 1 1 1 1 1 1 1 1 1 1 1 1 1 1 1
14 14 14 14 14 14 14 14 14 14 14 14 14 14 14 14 14 14 14 14 14 14 14 14 14 14 14 14 14 14 14 14 14 14 14 14 14 14 14 14 14 14 15 15 15 15 15 15 15 15 15 15 15 15 15 15 15 15 15 15 15 15 15 15 15 15 15 15 15 15 15 15 15 15 15 15 15 15 15 15 15 15 15 15 16 16 16 16 16 16 16 16 16 16 16 16 16 16 16 16 16 16 16 16 16 16 16 16 16 16 16 16 16 16 16 16 16 16 16 16 16 16 16 16 16 16
14 48 102
15 49 103
16 50 104
17 51 105
18 52 106
19 53 107
20 54 108
21 55 109
22 56 110
23 57 111
24 58 112
25 59 113
26 60 114
27 61 115
28 62 116
29 63 117
30 64 118
31 65 119
32 66 120
33 67 121
34 68 122
35 69 123
36 70 124
37 71 125
38 72 126
39 73 85
40 74 86
41 75 87
42 76 88
1 77 89
2 78 90
3 79 91
4 80 92
5 81 93
6 82 94
7 83 95
8 84 96
9 43 97
10 44 98
11 45 99
12 46 100
13 47 101
13 54 105
14 55 106
15 56 107
16 57 108
17 58 109
18 59 110
19 60 111
20 61 112
21 62 113
22 63 114
23 64 115
24 65 116
25 66 117
26 67 118
27 68 119
28 69 120
29 70 121
30 71 122
31 72 123
32 73 124
33 74 125
34 75 126
35 76 85
36 77 86
37 78 87
38 79 88
39 80 89
40 81 90
41 82 91
42 83 92
1 84 93
2 43 94
3 44 95
4 45 96
5 46 97
6 47 98
7 48 99
8 49 100
9 50 101
10 51 102
11 52 103
12 53 104
1 67 123
2 68 124
3 69 125
4 70 126
5 71 85
6 72 86
7 73 87
8 74 88
9 75 89
10 76 90
11 77 91
12 78 92
13 79 93
14 80 94
15 81 95
16 82 96
17 83 97
18 84 98
19 43 99
20 44 100
21 45 101
22 46 102
23 47 103
24 48 104
25 49 105
26 50 106
27 51 107
28 52 108
29 53 109
30 54 110
31 55 111
32 56 112
33 57 113
34 58 114
35 59 115
36 60 116
37 61 117
38 62 118
39 63 119
40 64 120
41 65 121
42 66 122
35 62 93
36 63 94
37 64 95
38 65 96
39 66 97
40 67 98
41 68 99
42 69 100
1 70 101
2 71 102
3 72 103
4 73 104
5 74 105
6 75 106
7 76 107
8 77 108
9 78 109
10 79 110
11 80 111
12 81 112
13 82 113
14 83 114
15 84 115
16 43 116
17 44 117
18 45 118
19 46 119
20 47 120
21 48 121
22 49 122
23 50 123
24 51 124
25 52 125
26 53 126
27 54 85
28 55 86
29 56 87
30 57 88
31 58 89
32 59 90
33 60 91
34 61 92
10 74 96
11 75 97
12 76 98
13 77 99
14 78 100
15 79 101
16 80 102
17 81 103
18 82 104
19 83 105
20 84 106
21 43 107
22 44 108
23 45 109
24 46 110
25 47 111
26 48 112
27 49 113
28 50 114
29 51 115
30 52 116
31 53 117
32 54 118
33 55 119
34 56 120
35 57 121
36 58 122
37 59 123
38 60 124
39 61 125
40 62 126
41 63 85
42 64 86
1 65 87
2 66 88
3 67 89
4 68 90
5 69 91
6 70 92
7 71 93
8 72 94
9 73 95
21 64 124
22 65 125
23 66 126
24 67 85
25 68 86
26 69 87
27 70 88
28 71 89
29 72 90
30 73 91
31 74 92
32 75 93
33 76 94
34 77 95
35 78 96
36 79 97
37 80 98
38 81 99
39 82 100
40 83 101
41 84 102
42 43 103
1 44 104
2 45 105
3 46 106
4 47 107
5 48 108
6 49 109
7 50 110
8 51 111
9 52 112
10 53 113
11 54 114
12 55 115
13 56 116
14 57 117
15 58 118
16 59 119
17 60 120
18 61 121
19 62 122
20 63 123
26 79 113
27 80 114
28 81 115
29 82 116
30 83 117
31 84 118
32 43 119
33 44 120
34 45 121
35 46 122
36 47 123
37 48 124
38 49 125
39 50 126
40 51 85
41 52 86
42 53 87
1 54 88
2 55 89
3 56 90
4 57 91
5 58 92
6 59 93
7 60 94
8 61 95
9 62 96
10 63 97
11 64 98
12 65 99
13 66 100
14 67 101
15 68 102
16 69 103
17 70 104
18 71 105
19 72 106
20 73 107
21 74 108
22 75 109
23 76 110
24 77 111
25 78 112
39 65 112
40 66 113
41 67 114
42 68 115
1 69 116
2 70 117
3 71 118
4 72 119
5 73 120
6 74 121
7 75 122
8 76 123
9 77 124
10 78 125
11 79 126
12 80 85
13 81 86
14 82 87
15 83 88
16 84 89
17 43 90
18 44 91
19 45 92
20 46 93
21 47 94
22 48 95
23 49 96
24 50 97
25 51 98
26 52 99
27 53 100
28 54 101
29 55 102
30 56 103
31 57 104
32 58 105
33 59 106
34 60 107
35 61 108
36 62 109
37 63 110
38 64 111
16 53 123
17 54 124
18 55 125
19 56 126
20 57 85
21 58 86
22 59 87
23 60 88
24 61 89
25 62 90
26 63 91
27 64 92
28 65 93
29 66 94
30 67 95
31 68 96
32 69 97
33 70 98
34 71 99
35 72 100
36 73 101
37 74 102
38 75 103
39 76 104
40 77 105
41 78 106
42 79 107
1 80 108
2 81 109
3 82 110
4 83 111
5 84 112
6 43 113
7 44 114
8 45 115
9 46 116
10 47 117
11 48 118
12 49 119
13 50 120
14 51 121
15 52 122
15 76 125
16 77 126
17 78 85
18 79 86
19 80 87
20 81 88
21 82 89
22 83 90
23 84 91
24 43 92
25 44 93
26 45 94
27 46 95
28 47 96
29 48 97
30 49 98
31 50 99
32 51 100
33 52 101
34 53 102
35 54 103
36 55 104
37 56 105
38 57 106
39 58 107
40 59 108
41 60 109
42 61 110
1 62 111
2 63 112
3 64 113
4 65 114
5 66 115
6 67 116
7 68 117
8 69 118
9 70 119
10 71 120
11 72 121
12 73 122
13 74 123
14 75 124
23 73 113
24 74 114
25 75 115
26 76 116
27 77 117
28 78 118
29 79 119
30 80 120
31 81 121
32 82 122
33 83 123
34 84 124
35 43 125
36 44 126
37 45 85
38 46 86
39 47 87
40 48 88
41 49 89
42 50 90
1 51 91
2 52 92
3 53 93
4 54 94
5 55 95
6 56 96
7 57 97
8 58 98
9 59 99
10 60 100
11 61 101
12 62 102
13 63 103
14 64 104
15 65 105
16 66 106
17 67 107
18 68 108
19 69 109
20 70 110
21 71 111
22 72 112
16 56 109
17 57 110
18 58 111
19 59 112
20 60 113
21 61 114
22 62 115
23 63 116
24 64 117
25 65 118
26 66 119
27 67 120
28 68 121
29 69 122
30 70 123
31 71 124
32 72 125
33 73 126
34 74 85
35 75 86
36 76 87
37 77 88
38 78 89
39 79 90
40 80 91
41 81 92
42 82 93
1 83 94
2 84 95
3 43 96
4 44 97
5 45 98
6 46 99
7 47 100
8 48 101
9 49 102
10 50 103
11 51 104
12 52 105
13 53 106
14 54 107
15 55 108
19 75 114
20 76 115
21 77 116
22 78 117
23 79 118
24 80 119
25 81 120
26 82 121
27 83 122
28 84 123
29 43 124
30 44 125
31 45 126
32 46 85
33 47 86
34 48 87
35 49 88
36 50 89
37 51 90
38 52 91
39 53 92
40 54 93
41 55 94
42 56 95
1 57 96
2 58 97
3 59 98
4 60 99
5 61 100
6 62 101
7 63 102
8 64 103
9 65 104
10 66 105
11 67 106
12 68 107
13 69 108
14 70 109
15 71 110
16 72 111
17 73 112
18 74 113
20 43 114
21 44 115
22 45 116
23 46 117
24 47 118
25 48 119
26 49 120
27 50 121
28 51 122
29 52 123
30 53 124
31 54 125
32 55 126
33 56 85
34 57 86
35 58 87
36 59 88
37 60 89
38 61 90
39 62 91
40 63 92
41 64 93
42 65 94
1 66 95
2 67 96
3 68 97
4 69 98
5 70 99
6 71 100
7 72 101
8 73 102
9 74 103
10 75 104
11 76 105
12 77 106
13 78 107
14 79 108
15 80 109
16 81 110
17 82 111
18 83 112
19 84 113
72 105 0
73 106 0
74 107 0
75 108 0
76 109 0
77 110 0
78 111 0
79 112 0
80 113 0
81 114 0
82 115 0
83 116 0
84 117 0
43 118 0
44 119 0
45 120 0
46 121 0
47 122 0
48 123 0
49 124 0
50 125 0
51 126 0
52 85 0
53 86 0
54 87 0
55 88 0
56 89 0
57 90 0
58 91 0
59 92 0
60 93 0
61 94 0
62 95 0
63 96 0
64 97 0
65 98 0
66 99 0
67 100 0
68 101 0
69 102 0
70 103 0
71 104 0
103 0 0
104 0 0
105 0 0
106 0 0
107 0 0
108 0 0
109 0 0
110 0 0
111 0 0
112 0 0
113 0 0
114 0 0
115 0 0
116 0 0
117 0 0
118 0 0
119 0 0
120 0 0
121 0 0
122 0 0
123 0 0
124 0 0
125 0 0
126 0 0
85 0 0
86 0 0
87 0 0
88 0 0
89 0 0
90 0 0
91 0 0
92 0 0
93 0 0
94 0 0
95 0 0
96 0 0
97 0 0
98 0 0
99 0 0
100 0 0
101 0 0
102 0 0
30 73 85 135 202 233 270 299 364 407 441 490 529 570 0 0
31 74 86 136 203 234 271 300 365 408 442 491 530 571 0 0
32 75 87 137 204 235 272 301 366 409 443 492 531 572 0 0
33 76 88 138 205 236 273 302 367 410 444 493 532 573 0 0
34 77 89 139 206 237 274 303 368 411 445 494 533 574 0 0
35 78 90 140 207 238 275 304 369 412 446 495 534 575 0 0
36 79 91 141 208 239 276 305 370 413 447 496 535 576 0 0
37 80 92 142 209 240 277 306 371 414 448 497 536 577 0 0
38 81 93 143 210 241 278 307 372 415 449 498 537 578 0 0
39 82 94 144 169 242 279 308 373 416 450 499 538 579 0 0
40 83 95 145 170 243 280 309 374 417 451 500 539 580 0 0
41 84 96 146 171 244 281 310 375 418 452 501 540 581 0 0
42 43 97 147 172 245 282 311 376 419 453 502 541 582 0 0
1 44 98 148 173 246 283 312 377 420 454 503 542 583 0 0
2 45 99 149 174 247 284 313 378 379 455 504 543 584 0 0
3 46 100 150 175 248 285 314 337 380 456 463 544 585 0 0
4 47 101 151 176 249 286 315 338 381 457 464 545 586 0 0
5 48 102 152 177 250 287 316 339 382 458 465 546 587 0 0
6 49 103 153 178 251 288 317 340 383 459 466 505 588 0 0
7 50 104 154 179 252 289 318 341 384 460 467 506 547 0 0
8 51 105 155 180 211 290 319 342 385 461 468 507 548 0 0
9 52 106 156 181 212 291 320 343 386 462 469 508 549 0 0
10 53 107 157 182 213 292 321 344 387 421 470 509 550 0 0
11 54 108 158 183 214 293 322 345 388 422 471 510 551 0 0
12 55 109 159 184 215 294 323 346 389 423 472 511 552 0 0
13 56 110 160 185 216 253 324 347 390 424 473 512 553 0 0
14 57 111 161 186 217 254 325 348 391 425 474 513 554 0 0
15 58 112 162 187 218 255 326 349 392 426 475 514 555 0 0
16 59 113 163 188 219 256 327 350 393 427 476 515 556 0 0
17 60 114 164 189 220 257 328 351 394 428 477 516 557 0 0
18 61 115 165 190 221 258 329 352 395 429 478 517 558 0 0
19 62 116 166 191 222 259 330 353 396 430 479 518 559 0 0
20 63 117 167 192 223 260 331 354 397 431 480 519 560 0 0
21 64 118 168 193 224 261 332 355 398 432 481 520 561 0 0
22 65 119 127 194 225 262 333 356 399 433 482 521 562 0 0
23 66 120 128 195 226 263 334 357 400 434 483 522 563 0 0
24 67 121 129 196 227 264 335 358 401 435 484 523 564 0 0
25 68 122 130 197 228 265 336 359 402 436 485 524 565 0 0
26 69 123 131 198 229 266 295 360 403 437 486 525 566 0 0
27 70 124 132 199 230 267 296 361 404 438 487 526 567 0 0
28 71 125 133 200 231 268 297 362 405 439 488 527 568 0 0
29 72 126 134 201 232 269 298 363 406 440 489 528 569 0 0
38 74 103 150 180 232 259 315 369 388 433 492 515 547 602 0
39 75 104 151 181 233 260 316 370 389 434 493 516 548 603 0
40 76 105 152 182 234 261 317 371 390 435 494 517 549 604 0
41 77 106 153 183 235 262 318 372 391 436 495 518 550 605 0
42 78 107 154 184 236 263 319 373 392 437 496 519 551 606 0
1 79 108 155 185 237 264 320 374 393 438 497 520 552 607 0
2 80 109 156 186 238 265 321 375 394 439 498 521 553 608 0
3 81 110 157 187 239 266 322 376 395 440 499 522 554 609 0
4 82 111 158 188 240 267 323 377 396 441 500 523 555 610 0
5 83 112 159 189 241 268 324 378 397 442 501 524 556 611 0
6 84 113 160 190 242 269 325 337 398 443 502 525 557 612 0
7 43 114 161 191 243 270 326 338 399 444 503 526 558 613 0
8 44 115 162 192 244 271 327 339 400 445 504 527 559 614 0
9 45 116 163 193 245 272 328 340 401 446 463 528 560 615 0
10 46 117 164 194 246 273 329 341 402 447 464 529 561 616 0
11 47 118 165 195 247 274 330 342 403 448 465 530 562 617 0
12 48 119 166 196 248 275 331 343 404 449 466 531 563 618 0
13 49 120 167 197 249 276 332 344 405 450 467 532 564 619 0
14 50 121 168 198 250 277 333 345 406 451 468 533 565 620 0
15 51 122 127 199 251 278 334 346 407 452 469 534 566 621 0
16 52 123 128 200 252 279 335 347 408 453 470 535 567 622 0
17 53 124 129 201 211 280 336 348 409 454 471 536 568 623 0
18 54 125 130 202 212 281 295 349 410 455 472 537 569 624 0
19 55 126 131 203 213 282 296 350 411 456 473 538 570 625 0
20 56 85 132 204 214 283 297 351 412 457 474 539 571 626 0
21 57 86 133 205 215 284 298 352 413 458 475 540 572 627 0
22 58 87 134 206 216 285 299 353 414 459 476 541 573 628 0
23 59 88 135 207 217 286 300 354 415 460 477 542 574 629 0
24 60 89 136 208 218 287 301 355 416 461 478 543 575 630 0
25 61 90 137 209 219 288 302 356 417 462 479 544 576 589 0
26 62 91 138 210 220 289 303 357 418 421 480 545 577 590 0
27 63 92 139 169 221 290 304 358 419 422 481 546 578 591 0
28 64 93 140 170 222 291 305 359 420 423 482 505 579 592 0
29 65 94 141 171 223 292 306 360 379 424 483 506 580 593 0
30 66 95 142 172 224 293 307 361 380 425 484 507 581 594 0
31 67 96 143 173 225 294 308 362 381 426 485 508 582 595 0
32 68 97 144 174 226 253 309 363 382 427 486 509 583 596 0
33 69 98 145 175 227 254 310 364 383 428 487 510 584 597 0
34 70 99 146 176 228 255 311 365 384 429 488 511 585 598 0
35 71 100 147 177 229 256 312 366 385 430 489 512 586 599 0
36 72 101 148 178 230 257 313 367 386 431 490 513 587 600 0
37 73 102 149 179 231 258 314 368 387 432 491 514 588 601 0
26 65 89 161 200 214 267 310 341 381 435 481 518 560 611 655
27 66 90 162 201 215 268 311 342 382 436 482 519 561 612 656
28 67 91 163 202 216 269 312 343 383 437 483 520 562 613 657
29 68 92 164 203 217 270 313 344 384 438 484 521 563 614 658
30 69 93 165 204 218 271 314 345 385 439 485 522 564 615 659
31 70 94 166 205 219 272 315 346 386 440 486 523 565 616 660
32 71 95 167 206 220 273 316 347 387 441 487 524 566 617 661
33 72 96 168 207 221 274 317 348 388 442 488 525 567 618 662
34 73 97 127 208 222 275 318 349 389 443 489 526 568 619 663
35 74 98 128 209 223 276 319 350 390 444 490 527 569 620 664
36 75 99 129 210 224 277 320 351 391 445 491 528 570 621 665
37 76 100 130 169 225 278 321 352 392 446 492 529 571 622 666
38 77 101 131 170 226 279 322 353 393 447 493 530 572 623 667
39 78 102 132 171 227 280 323 354 394 448 494 531 573 624 668
40 79 103 133 172 228 281 324 355 395 449 495 532 574 625 669
41 80 104 134 173 229 282 325 356 396 450 496 533 575 626 670
42 81 105 135 174 230 283 326 357 397 451 497 534 576 627 671
1 82 106 136 175 231 284 327 358 398 452 498 535 577 628 672
2 83 107 137 176 232 285 328 359 399 453 499 536 578 629 631
3 84 108 138 177 233 286 329 360 400 454 500 537 579 630 632
4 43 109 139 178 234 287 330 361 401 455 501 538 580 589 633
5 44 110 140 179 235 288 331 362 402 456 502 539 581 590 634
6 45 111 141 180 236 289 332 363 403 457 503 540 582 591 635
7 46 112 142 181 237 290 333 364 404 458 504 541 583 592 636
8 47 113 143 182 238 291 334 365 405 459 463 542 584 593 637
9 48 114 144 183 239 292 335 366 406 460 464 543 585 594 638
10 49 115 145 184 240 293 336 367 407 461 465 544 586 595 639
11 50 116 146 185 241 294 295 368 408 462 466 545 587 596 640
12 51 117 147 186 242 253 296 369 409 421 467 546 588 597 641
13 52 118 148 187 243 254 297 370 410 422 468 505 547 598 642
14 53 119 149 188 244 255 298 371 411 423 469 506 548 599 643
15 54 120 150 189 245 256 299 372 412 424 470 507 549 600 644
16 55 121 151 190 246 257 300 373 413 425 471 508 550 601 645
17 56 122 152 191 247 258 301 374 414 426 472 509 551 602 646
18 57 123 153 192 248 259 302 375 415 427 473 510 552 603 647
19 58 124 154 193 249 260 303 376 416 428 474 511 553 604 648
20 59 125 155 194 250 261 304 377 417 429 475 512 554 605 649
21 60 126 156 195 251 262 305 378 418 430 476 513 555 606 650
22 61 85 157 196 252 263 306 337 419 431 477 514 556 607 651
23 62 86 158 197 211 264 307 338 420 432 478 515 557 608 652
24 63 87 159 198 212 265 308 339 379 433 479 516 558 609 653
25 64 88 160 199 213 266 309 340 380 434 480 517 559 610 654
