672 336
4 8
4 4 4 4 4 4 4 4 4 4 4 4 4 4 4 4 4 4 4 4 4 4 4 4 4 4 4 4 4 4 4 4 4 4 4 4 4 4 4 4 4 4 4 4 4 4 4 4 4 4 4 4 4 4 4 4 4 4 4 4 4 4 4 4 4 4 4 4 4 4 4 4 4 4 4 4 4 4 4 4 4 4 4 4 4 4 4 4 4 4 4 4 4 4 4 4 4 4 4 4 4 4 4 4 4 4 4 4 4 4 4 4 4 4 4 4 4 4 4 4 4 4 4 4 4 4 4 4 4 4 4 4 4 4 4 4 4 4 4 4 4 4 4 4 4 4 4 4 4 4 4 4 4 4 4 4 4 4 4 4 4 4 4 4 4 4 4 4 4 4 4 4 4 4 4 4 4 4 4 4 4 4 4 4 4 4 4 4 4 4 4 4 4 4 4 4 4 4 4 4 4 4 4 4 4 4 4 4 4 4 4 4 4 4 4 4 4 4 4 4 4 4 4 4 4 4 4 4 4 4 4 4 4 4 4 4 4 4 4 4 4 4 4 4 4 4 4 4 4 4 4 4 4 4 4 4 4 4 4 4 4 4 4 4 4 4 4 4 4 4 4 4 4 4 4 4 4 4 4 4 4 4 4 4 4 4 4 4 4 4 4 4 4 4 4 4 4 4 4 4 4 4 4 4 4 4 4 4 4 4 4 4 4 4 4 4 4 4 4 4 4 4 4 4 4 4 4 4 4 4 4 4 4 4 4 4 4 4 4 4 4 4 4 4 4 4 4 4 4 4 4 4 4 4 4 4 4 4 4 4 4 4 4 4 4 4 4 4 4 4 4 4 4 4 4 4 4 4 3 3 3 3 3 3 3 3 3 3 3 3 3 3 3 3 3 3 3 3 3 3 3 3 3 3 3 3 3 3 3 3 3 3 3 3 3 3 3 3 3 3 3 3 3 3 3 3 3 3 3 3 3 3 3 3 3 3 3 3 3 3 3 3 3 3 3 3 3 3 3 3 3 3 3 3 3 3 3 3 3 3 3 3 3 3 3 3 3 3 3 3 3 3 3 3 3 3 3 3 3 3 3 3 3 3 3 3 3 3 3 3 3 3 3 3 3 3 3 3 3 3 3 3 3 3 2 2 2 2 2 2 2 2 2 2 2 2 2 2 2 2 2 2 2 2 2 2 2 2 2 2 2 2 2 2 2 2 2 2 2 2 2 2 2 2 2 2 2 2 2 2 2 2 2 2 2 2 2 2 2 2 2 2 2 2 2 2 2 2 2 2 2 2 2 2 2 2 2 2 2 2 2 2 2 2 2 2 2 2 2 2 2 2 2 2 2 2 2 2 2 2 2 2 2 2 2 2 2 2 2 2 2 2 2 2 2 2 2 2 2 2 2 2 2 2 2 2 2 2 2 2 1 1 1 1 1 1 1 1 1 1 1 1 1 1 1 1 1 1 1 1 1 1 1 1 1 1 1 1 1 1 1 1 1 1 1 1 1 1 1 1 1 1
5 5 5 5 5 5 5 5 5 5 5 5 5 5 5 5 5 5 5 5 5 5 5 5 5 5 5 5 5 5 5 5 5 5 5 5 5 5 5 5 5 5 6 6 6 6 6 6 6 6 6 6 6 6 6 6 6 6 6 6 6 6 6 6 6 6 6 6 6 6 6 6 6 6 6 6 6 6 6 6 6 6 6 6 6 6 6 6 6 6 6 6 6 6 6 6 6 6 6 6 6 6 6 6 6 6 6 6 6 6 6 6 6 6 6 6 6 6 6 6 6 6 6 6 6 6 6 6 6 6 6 6 6 6 6 6 6 6 6 6 6 6 6 6 6 6 6 6 6 6 6 6 6 6 6 6 6 6 6 6 6 6 6 6 6 6 6 6 7 7 7 7 7 7 7 7 7 7 7 7 7 7 7 7 7 7 7 7 7 7 7 7 7 7 7 7 7 7 7 7 7 7 7 7 7 7 7 7 7 7 7 7 7 7 7 7 7 7 7 7 7 7 7 7 7 7 7 7 7 7 7 7 7 7 7 7 7 7 7 7 7 7 7 7 7 7 7 7 7 7 7 7 7 7 7 7 7 7 7 7 7 7 7 7 7 7 7 7 7 7 7 7 7 7 7 7 7 7 7 7 7 7 7 7 7 7 7 7 7 7 7 7 7 7 8 8 8 8 8 8 8 8 8 8 8 8 8 8 8 8 8 8 8 8 8 8 8 8 8 8 8 8 8 8 8 8 8 8 8 8 8 8 8 8 8 8
3 51 176 224
4 52 177 225
5 53 178 226
6 54 179 227
7 55 180 228
8 56 181 229
9 57 182 230
10 58 183 231
11 59 184 232
12 60 185 233
13 61 186 234
14 62 187 235
15 63 188 236
16 64 189 237
17 65 190 238
18 66 191 239
19 67 192 240
20 68 193 241
21 69 194 242
22 70 195 243
23 71 196 244
24 72 197 245
25 73 198 246
26 74 199 247
27 75 200 248
28 76 201 249
29 77 202 250
30 78 203 251
31 79 204 252
32 80 205 211
33 81 206 212
34 82 207 213
35 83 208 214
36 84 209 215
37 43 210 216
38 44 169 217
39 45 170 218
40 46 171 219
41 47 172 220
42 48 173 221
1 49 174 222
2 50 175 223
91 142 264 315
92 143 265 316
93 144 266 317
94 145 267 318
95 146 268 319
96 147 269 320
97 148 270 321
98 149 271 322
99 150 272 323
100 151 273 324
101 152 274 325
102 153 275 326
103 154 276 327
104 155 277 328
105 156 278 329
106 157 279 330
107 158 280 331
108 159 281 332
109 160 282 333
110 161 283 334
111 162 284 335
112 163 285 336
113 164 286 295
114 165 287 296
115 166 288 297
116 167 289 298
117 168 290 299
118 127 291 300
119 128 292 301
120 129 293 302
121 130 294 303
122 131 253 304
123 132 254 305
124 133 255 306
125 134 256 307
126 135 257 308
85 136 258 309
86 137 259 310
87 138 260 311
88 139 261 312
89 140 262 313
90 141 263 314
5 50 170 211
6 51 171 212
7 52 172 213
8 53 173 214
9 54 174 215
10 55 175 216
11 56 176 217
12 57 177 218
13 58 178 219
14 59 179 220
15 60 180 221
16 61 181 222
17 62 182 223
18 63 183 224
19 64 184 225
20 65 185 226
21 66 186 227
22 67 187 228
23 68 188 229
24 69 189 230
25 70 190 231
26 71 191 232
27 72 192 233
28 73 193 234
29 74 194 235
30 75 195 236
31 76 196 237
32 77 197 238
33 78 198 239
34 79 199 240
35 80 200 241
36 81 201 242
37 82 202 243
38 83 203 244
39 84 204 245
40 43 205 246
41 44 206 247
42 45 207 248
1 46 208 249
2 47 209 250
3 48 210 251
4 49 169 252
96 151 272 303
97 152 273 304
98 153 274 305
99 154 275 306
100 155 276 307
101 156 277 308
102 157 278 309
103 158 279 310
104 159 280 311
105 160 281 312
106 161 282 313
107 162 283 314
108 163 284 315
109 164 285 316
110 165 286 317
111 166 287 318
112 167 288 319
113 168 289 320
114 127 290 321
115 128 291 322
116 129 292 323
117 130 293 324
118 131 294 325
119 132 253 326
120 133 254 327
121 134 255 328
122 135 256 329
123 136 257 330
124 137 258 331
125 138 259 332
126 139 260 333
85 140 261 334
86 141 262 335
87 142 263 336
88 143 264 295
89 144 265 296
90 145 266 297
91 146 267 298
92 147 268 299
93 148 269 300
94 149 270 301
95 150 271 302
30 58 171 306
31 59 172 307
32 60 173 308
33 61 174 309
34 62 175 310
35 63 176 311
36 64 177 312
37 65 178 313
38 66 179 314
39 67 180 315
40 68 181 316
41 69 182 317
42 70 183 318
1 71 184 319
2 72 185 320
3 73 186 321
4 74 187 322
5 75 188 323
6 76 189 324
7 77 190 325
8 78 191 326
9 79 192 327
10 80 193 328
11 81 194 329
12 82 195 330
13 83 196 331
14 84 197 332
15 43 198 333
16 44 199 334
17 45 200 335
18 46 201 336
19 47 202 295
20 48 203 296
21 49 204 297
22 50 205 298
23 51 206 299
24 52 207 300
25 53 208 301
26 54 209 302
27 55 210 303
28 56 169 304
29 57 170 305
120 157 231 274
121 158 232 275
122 159 233 276
123 160 234 277
124 161 235 278
125 162 236 279
126 163 237 280
85 164 238 281
86 165 239 282
87 166 240 283
88 167 241 284
89 168 242 285
90 127 243 286
91 128 244 287
92 129 245 288
93 130 246 289
94 131 247 290
95 132 248 291
96 133 249 292
97 134 250 293
98 135 251 294
99 136 252 253
100 137 211 254
101 138 212 255
102 139 213 256
103 140 214 257
104 141 215 258
105 142 216 259
106 143 217 260
107 144 218 261
108 145 219 262
109 146 220 263
110 147 221 264
111 148 222 265
112 149 223 266
113 150 224 267
114 151 225 268
115 152 226 269
116 153 227 270
117 154 228 271
118 155 229 272
119 156 230 273
38 149 172 323
39 150 173 324
40 151 174 325
41 152 175 326
42 153 176 327
1 154 177 328
2 155 178 329
3 156 179 330
4 157 180 331
5 158 181 332
6 159 182 333
7 160 183 334
8 161 184 335
9 162 185 336
10 163 186 295
11 164 187 296
12 165 188 297
13 166 189 298
14 167 190 299
15 168 191 300
16 127 192 301
17 128 193 302
18 129 194 303
19 130 195 304
20 131 196 305
21 132 197 306
22 133 198 307
23 134 199 308
24 135 200 309
25 136 201 310
26 137 202 311
27 138 203 312
28 139 204 313
29 140 205 314
30 141 206 315
31 142 207 316
32 143 208 317
33 144 209 318
34 145 210 319
35 146 169 320
36 147 170 321
37 148 171 322
55 93 249 275
56 94 250 276
57 95 251 277
58 96 252 278
59 97 211 279
60 98 212 280
61 99 213 281
62 100 214 282
63 101 215 283
64 102 216 284
65 103 217 285
66 104 218 286
67 105 219 287
68 106 220 288
69 107 221 289
70 108 222 290
71 109 223 291
72 110 224 292
73 111 225 293
74 112 226 294
75 113 227 253
76 114 228 254
77 115 229 255
78 116 230 256
79 117 231 257
80 118 232 258
81 119 233 259
82 120 234 260
83 121 235 261
84 122 236 262
43 123 237 263
44 124 238 264
45 125 239 265
46 126 240 266
47 85 241 267
48 86 242 268
49 87 243 269
50 88 244 270
51 89 245 271
52 90 246 272
53 91 247 273
54 92 248 274
25 83 183 333
26 84 184 334
27 43 185 335
28 44 186 336
29 45 187 295
30 46 188 296
31 47 189 297
32 48 190 298
33 49 191 299
34 50 192 300
35 51 193 301
36 52 194 302
37 53 195 303
38 54 196 304
39 55 197 305
40 56 198 306
41 57 199 307
42 58 200 308
1 59 201 309
2 60 202 310
3 61 203 311
4 62 204 312
5 63 205 313
6 64 206 314
7 65 207 315
8 66 208 316
9 67 209 317
10 68 210 318
11 69 169 319
12 70 170 320
13 71 171 321
14 72 172 322
15 73 173 323
16 74 174 324
17 75 175 325
18 76 176 326
19 77 177 327
20 78 178 328
21 79 179 329
22 80 180 330
23 81 181 331
24 82 182 332
84 117 225 0
43 118 226 0
44 119 227 0
45 120 228 0
46 121 229 0
47 122 230 0
48 123 231 0
49 124 232 0
50 125 233 0
51 126 234 0
52 85 235 0
53 86 236 0
54 87 237 0
55 88 238 0
56 89 239 0
57 90 240 0
58 91 241 0
59 92 242 0
60 93 243 0
61 94 244 0
62 95 245 0
63 96 246 0
64 97 247 0
65 98 248 0
66 99 249 0
67 100 250 0
68 101 251 0
69 102 252 0
70 103 211 0
71 104 212 0
72 105 213 0
73 106 214 0
74 107 215 0
75 108 216 0
76 109 217 0
77 110 218 0
78 111 219 0
79 112 220 0
80 113 221 0
81 114 222 0
82 115 223 0
83 116 224 0
86 154 283 0
87 155 284 0
88 156 285 0
89 157 286 0
90 158 287 0
91 159 288 0
92 160 289 0
93 161 290 0
94 162 291 0
95 163 292 0
96 164 293 0
97 165 294 0
98 166 253 0
99 167 254 0
100 168 255 0
101 127 256 0
102 128 257 0
103 129 258 0
104 130 259 0
105 131 260 0
106 132 261 0
107 133 262 0
108 134 263 0
109 135 264 0
110 136 265 0
111 137 266 0
112 138 267 0
113 139 268 0
114 140 269 0
115 141 270 0
116 142 271 0
117 143 272 0
118 144 273 0
119 145 274 0
120 146 275 0
121 147 276 0
122 148 277 0
123 149 278 0
124 150 279 0
125 151 280 0
126 152 281 0
85 153 282 0
163 208 226 0
164 209 227 0
165 210 228 0
166 169 229 0
167 170 230 0
168 171 231 0
127 172 232 0
128 173 233 0
129 174 234 0
130 175 235 0
131 176 236 0
132 177 237 0
133 178 238 0
134 179 239 0
135 180 240 0
136 181 241 0
137 182 242 0
138 183 243 0
139 184 244 0
140 185 245 0
141 186 246 0
142 187 247 0
143 188 248 0
144 189 249 0
145 190 250 0
146 191 251 0
147 192 252 0
148 193 211 0
149 194 212 0
150 195 213 0
151 196 214 0
152 197 215 0
153 198 216 0
154 199 217 0
155 200 218 0
156 201 219 0
157 202 220 0
158 203 221 0
159 204 222 0
160 205 223 0
161 206 224 0
162 207 225 0
183 324 0 0
184 325 0 0
185 326 0 0
186 327 0 0
187 328 0 0
188 329 0 0
189 330 0 0
190 331 0 0
191 332 0 0
192 333 0 0
193 334 0 0
194 335 0 0
195 336 0 0
196 295 0 0
197 296 0 0
198 297 0 0
199 298 0 0
200 299 0 0
201 300 0 0
202 301 0 0
203 302 0 0
204 303 0 0
205 304 0 0
206 305 0 0
207 306 0 0
208 307 0 0
209 308 0 0
210 309 0 0
169 310 0 0
170 311 0 0
171 312 0 0
172 313 0 0
173 314 0 0
174 315 0 0
175 316 0 0
176 317 0 0
177 318 0 0
178 319 0 0
179 320 0 0
180 321 0 0
181 322 0 0
182 323 0 0
230 253 0 0
231 254 0 0
232 255 0 0
233 256 0 0
234 257 0 0
235 258 0 0
236 259 0 0
237 260 0 0
238 261 0 0
239 262 0 0
240 263 0 0
241 264 0 0
242 265 0 0
243 266 0 0
244 267 0 0
245 268 0 0
246 269 0 0
247 270 0 0
248 271 0 0
249 272 0 0
250 273 0 0
251 274 0 0
252 275 0 0
211 276 0 0
212 277 0 0
213 278 0 0
214 279 0 0
215 280 0 0
216 281 0 0
217 282 0 0
218 283 0 0
219 284 0 0
220 285 0 0
221 286 0 0
222 287 0 0
223 288 0 0
224 289 0 0
225 290 0 0
226 291 0 0
227 292 0 0
228 293 0 0
229 294 0 0
282 315 0 0
283 316 0 0
284 317 0 0
285 318 0 0
286 319 0 0
287 320 0 0
288 321 0 0
289 322 0 0
290 323 0 0
291 324 0 0
292 325 0 0
293 326 0 0
294 327 0 0
253 328 0 0
254 329 0 0
255 330 0 0
256 331 0 0
257 332 0 0
258 333 0 0
259 334 0 0
260 335 0 0
261 336 0 0
262 295 0 0
263 296 0 0
264 297 0 0
265 298 0 0
266 299 0 0
267 300 0 0
268 301 0 0
269 302 0 0
270 303 0 0
271 304 0 0
272 305 0 0
273 306 0 0
274 307 0 0
275 308 0 0
276 309 0 0
277 310 0 0
278 311 0 0
279 312 0 0
280 313 0 0
281 314 0 0
313 0 0 0
314 0 0 0
315 0 0 0
316 0 0 0
317 0 0 0
318 0 0 0
319 0 0 0
320 0 0 0
321 0 0 0
322 0 0 0
323 0 0 0
324 0 0 0
325 0 0 0
326 0 0 0
327 0 0 0
328 0 0 0
329 0 0 0
330 0 0 0
331 0 0 0
332 0 0 0
333 0 0 0
334 0 0 0
335 0 0 0
336 0 0 0
295 0 0 0
296 0 0 0
297 0 0 0
298 0 0 0
299 0 0 0
300 0 0 0
301 0 0 0
302 0 0 0
303 0 0 0
304 0 0 0
305 0 0 0
306 0 0 0
307 0 0 0
308 0 0 0
309 0 0 0
310 0 0 0
311 0 0 0
312 0 0 0
41 123 182 258 355 0 0 0
42 124 183 259 356 0 0 0
1 125 184 260 357 0 0 0
2 126 185 261 358 0 0 0
3 85 186 262 359 0 0 0
4 86 187 263 360 0 0 0
5 87 188 264 361 0 0 0
6 88 189 265 362 0 0 0
7 89 190 266 363 0 0 0
8 90 191 267 364 0 0 0
9 91 192 268 365 0 0 0
10 92 193 269 366 0 0 0
11 93 194 270 367 0 0 0
12 94 195 271 368 0 0 0
13 95 196 272 369 0 0 0
14 96 197 273 370 0 0 0
15 97 198 274 371 0 0 0
16 98 199 275 372 0 0 0
17 99 200 276 373 0 0 0
18 100 201 277 374 0 0 0
19 101 202 278 375 0 0 0
20 102 203 279 376 0 0 0
21 103 204 280 377 0 0 0
22 104 205 281 378 0 0 0
23 105 206 282 337 0 0 0
24 106 207 283 338 0 0 0
25 107 208 284 339 0 0 0
26 108 209 285 340 0 0 0
27 109 210 286 341 0 0 0
28 110 169 287 342 0 0 0
29 111 170 288 343 0 0 0
30 112 171 289 344 0 0 0
31 113 172 290 345 0 0 0
32 114 173 291 346 0 0 0
33 115 174 292 347 0 0 0
34 116 175 293 348 0 0 0
35 117 176 294 349 0 0 0
36 118 177 253 350 0 0 0
37 119 178 254 351 0 0 0
38 120 179 255 352 0 0 0
39 121 180 256 353 0 0 0
40 122 181 257 354 0 0 0
35 120 196 325 339 380 0 0
36 121 197 326 340 381 0 0
37 122 198 327 341 382 0 0
38 123 199 328 342 383 0 0
39 124 200 329 343 384 0 0
40 125 201 330 344 385 0 0
41 126 202 331 345 386 0 0
42 85 203 332 346 387 0 0
1 86 204 333 347 388 0 0
2 87 205 334 348 389 0 0
3 88 206 335 349 390 0 0
4 89 207 336 350 391 0 0
5 90 208 295 351 392 0 0
6 91 209 296 352 393 0 0
7 92 210 297 353 394 0 0
8 93 169 298 354 395 0 0
9 94 170 299 355 396 0 0
10 95 171 300 356 397 0 0
11 96 172 301 357 398 0 0
12 97 173 302 358 399 0 0
13 98 174 303 359 400 0 0
14 99 175 304 360 401 0 0
15 100 176 305 361 402 0 0
16 101 177 306 362 403 0 0
17 102 178 307 363 404 0 0
18 103 179 308 364 405 0 0
19 104 180 309 365 406 0 0
20 105 181 310 366 407 0 0
21 106 182 311 367 408 0 0
22 107 183 312 368 409 0 0
23 108 184 313 369 410 0 0
24 109 185 314 370 411 0 0
25 110 186 315 371 412 0 0
26 111 187 316 372 413 0 0
27 112 188 317 373 414 0 0
28 113 189 318 374 415 0 0
29 114 190 319 375 416 0 0
30 115 191 320 376 417 0 0
31 116 192 321 377 418 0 0
32 117 193 322 378 419 0 0
33 118 194 323 337 420 0 0
34 119 195 324 338 379 0 0
79 158 218 329 389 462 0 0
80 159 219 330 390 421 0 0
81 160 220 331 391 422 0 0
82 161 221 332 392 423 0 0
83 162 222 333 393 424 0 0
84 163 223 334 394 425 0 0
43 164 224 335 395 426 0 0
44 165 225 336 396 427 0 0
45 166 226 295 397 428 0 0
46 167 227 296 398 429 0 0
47 168 228 297 399 430 0 0
48 127 229 298 400 431 0 0
49 128 230 299 401 432 0 0
50 129 231 300 402 433 0 0
51 130 232 301 403 434 0 0
52 131 233 302 404 435 0 0
53 132 234 303 405 436 0 0
54 133 235 304 406 437 0 0
55 134 236 305 407 438 0 0
56 135 237 306 408 439 0 0
57 136 238 307 409 440 0 0
58 137 239 308 410 441 0 0
59 138 240 309 411 442 0 0
60 139 241 310 412 443 0 0
61 140 242 311 413 444 0 0
62 141 243 312 414 445 0 0
63 142 244 313 415 446 0 0
64 143 245 314 416 447 0 0
65 144 246 315 417 448 0 0
66 145 247 316 418 449 0 0
67 146 248 317 419 450 0 0
68 147 249 318 420 451 0 0
69 148 250 319 379 452 0 0
70 149 251 320 380 453 0 0
71 150 252 321 381 454 0 0
72 151 211 322 382 455 0 0
73 152 212 323 383 456 0 0
74 153 213 324 384 457 0 0
75 154 214 325 385 458 0 0
76 155 215 326 386 459 0 0
77 156 216 327 387 460 0 0
78 157 217 328 388 461 0 0
70 145 223 273 436 469 0 0
71 146 224 274 437 470 0 0
72 147 225 275 438 471 0 0
73 148 226 276 439 472 0 0
74 149 227 277 440 473 0 0
75 150 228 278 441 474 0 0
76 151 229 279 442 475 0 0
77 152 230 280 443 476 0 0
78 153 231 281 444 477 0 0
79 154 232 282 445 478 0 0
80 155 233 283 446 479 0 0
81 156 234 284 447 480 0 0
82 157 235 285 448 481 0 0
83 158 236 286 449 482 0 0
84 159 237 287 450 483 0 0
43 160 238 288 451 484 0 0
44 161 239 289 452 485 0 0
45 162 240 290 453 486 0 0
46 163 241 291 454 487 0 0
47 164 242 292 455 488 0 0
48 165 243 293 456 489 0 0
49 166 244 294 457 490 0 0
50 167 245 253 458 491 0 0
51 168 246 254 459 492 0 0
52 127 247 255 460 493 0 0
53 128 248 256 461 494 0 0
54 129 249 257 462 495 0 0
55 130 250 258 421 496 0 0
56 131 251 259 422 497 0 0
57 132 252 260 423 498 0 0
58 133 211 261 424 499 0 0
59 134 212 262 425 500 0 0
60 135 213 263 426 501 0 0
61 136 214 264 427 502 0 0
62 137 215 265 428 503 0 0
63 138 216 266 429 504 0 0
64 139 217 267 430 463 0 0
65 140 218 268 431 464 0 0
66 141 219 269 432 465 0 0
67 142 220 270 433 466 0 0
68 143 221 271 434 467 0 0
69 144 222 272 435 468 0 0
36 126 209 292 365 466 533 0
37 85 210 293 366 467 534 0
38 86 169 294 367 468 535 0
39 87 170 253 368 469 536 0
40 88 171 254 369 470 537 0
41 89 172 255 370 471 538 0
42 90 173 256 371 472 539 0
1 91 174 257 372 473 540 0
2 92 175 258 373 474 541 0
3 93 176 259 374 475 542 0
4 94 177 260 375 476 543 0
5 95 178 261 376 477 544 0
6 96 179 262 377 478 545 0
7 97 180 263 378 479 546 0
8 98 181 264 337 480 505 0
9 99 182 265 338 481 506 0
10 100 183 266 339 482 507 0
11 101 184 267 340 483 508 0
12 102 185 268 341 484 509 0
13 103 186 269 342 485 510 0
14 104 187 270 343 486 511 0
15 105 188 271 344 487 512 0
16 106 189 272 345 488 513 0
17 107 190 273 346 489 514 0
18 108 191 274 347 490 515 0
19 109 192 275 348 491 516 0
20 110 193 276 349 492 517 0
21 111 194 277 350 493 518 0
22 112 195 278 351 494 519 0
23 113 196 279 352 495 520 0
24 114 197 280 353 496 521 0
25 115 198 281 354 497 522 0
26 116 199 282 355 498 523 0
27 117 200 283 356 499 524 0
28 118 201 284 357 500 525 0
29 119 202 285 358 501 526 0
30 120 203 286 359 502 527 0
31 121 204 287 360 503 528 0
32 122 205 288 361 504 529 0
33 123 206 289 362 463 530 0
34 124 207 290 363 464 531 0
35 125 208 291 364 465 532 0
30 85 233 299 407 490 570 0
31 86 234 300 408 491 571 0
32 87 235 301 409 492 572 0
33 88 236 302 410 493 573 0
34 89 237 303 411 494 574 0
35 90 238 304 412 495 575 0
36 91 239 305 413 496 576 0
37 92 240 306 414 497 577 0
38 93 241 307 415 498 578 0
39 94 242 308 416 499 579 0
40 95 243 309 417 500 580 0
41 96 244 310 418 501 581 0
42 97 245 311 419 502 582 0
1 98 246 312 420 503 583 0
2 99 247 313 379 504 584 0
3 100 248 314 380 463 585 0
4 101 249 315 381 464 586 0
5 102 250 316 382 465 587 0
6 103 251 317 383 466 588 0
7 104 252 318 384 467 547 0
8 105 211 319 385 468 548 0
9 106 212 320 386 469 549 0
10 107 213 321 387 470 550 0
11 108 214 322 388 471 551 0
12 109 215 323 389 472 552 0
13 110 216 324 390 473 553 0
14 111 217 325 391 474 554 0
15 112 218 326 392 475 555 0
16 113 219 327 393 476 556 0
17 114 220 328 394 477 557 0
18 115 221 329 395 478 558 0
19 116 222 330 396 479 559 0
20 117 223 331 397 480 560 0
21 118 224 332 398 481 561 0
22 119 225 333 399 482 562 0
23 120 226 334 400 483 563 0
24 121 227 335 401 484 564 0
25 122 228 336 402 485 565 0
26 123 229 295 403 486 566 0
27 124 230 296 404 487 567 0
28 125 231 297 405 488 568 0
29 126 232 298 406 489 569 0
74 150 232 315 433 547 602 0
75 151 233 316 434 548 603 0
76 152 234 317 435 549 604 0
77 153 235 318 436 550 605 0
78 154 236 319 437 551 606 0
79 155 237 320 438 552 607 0
80 156 238 321 439 553 608 0
81 157 239 322 440 554 609 0
82 158 240 323 441 555 610 0
83 159 241 324 442 556 611 0
84 160 242 325 443 557 612 0
43 161 243 326 444 558 613 0
44 162 244 327 445 559 614 0
45 163 245 328 446 560 615 0
46 164 246 329 447 561 616 0
47 165 247 330 448 562 617 0
48 166 248 331 449 563 618 0
49 167 249 332 450 564 619 0
50 168 250 333 451 565 620 0
51 127 251 334 452 566 621 0
52 128 252 335 453 567 622 0
53 129 211 336 454 568 623 0
54 130 212 295 455 569 624 0
55 131 213 296 456 570 625 0
56 132 214 297 457 571 626 0
57 133 215 298 458 572 627 0
58 134 216 299 459 573 628 0
59 135 217 300 460 574 629 0
60 136 218 301 461 575 630 0
61 137 219 302 462 576 589 0
62 138 220 303 421 577 590 0
63 139 221 304 422 578 591 0
64 140 222 305 423 579 592 0
65 141 223 306 424 580 593 0
66 142 224 307 425 581 594 0
67 143 225 308 426 582 595 0
68 144 226 309 427 583 596 0
69 145 227 310 428 584 597 0
70 146 228 311 429 585 598 0
71 147 229 312 430 586 599 0
72 148 230 313 431 587 600 0
73 149 231 314 432 588 601 0
65 161 200 267 341 518 611 655
66 162 201 268 342 519 612 656
67 163 202 269 343 520 613 657
68 164 203 270 344 521 614 658
69 165 204 271 345 522 615 659
70 166 205 272 346 523 616 660
71 167 206 273 347 524 617 661
72 168 207 274 348 525 618 662
73 127 208 275 349 526 619 663
74 128 209 276 350 527 620 664
75 129 210 277 351 528 621 665
76 130 169 278 352 529 622 666
77 131 170 279 353 530 623 667
78 132 171 280 354 531 624 668
79 133 172 281 355 532 625 669
80 134 173 282 356 533 626 670
81 135 174 283 357 534 627 671
82 136 175 284 358 535 628 672
83 137 176 285 359 536 629 631
84 138 177 286 360 537 630 632
43 139 178 287 361 538 589 633
44 140 179 288 362 539 590 634
45 141 180 289 363 540 591 635
46 142 181 290 364 541 592 636
47 143 182 291 365 542 593 637
48 144 183 292 366 543 594 638
49 145 184 293 367 544 595 639
50 146 185 294 368 545 596 640
51 147 186 253 369 546 597 641
52 148 187 254 370 505 598 642
53 149 188 255 371 506 599 643
54 150 189 256 372 507 600 644
55 151 190 257 373 508 601 645
56 152 191 258 374 509 602 646
57 153 192 259 375 510 603 647
58 154 193 260 376 511 604 648
59 155 194 261 377 512 605 649
60 156 195 262 378 513 606 650
61 157 196 263 337 514 607 651
62 158 197 264 338 515 608 652
63 159 198 265 339 516 609 653
64 160 199 266 340 517 610 654
