672 252
4 10
4 4 4 4 4 4 4 4 4 4 4 4 4 4 4 4 4 4 4 4 4 4 4 4 4 4 4 4 4 4 4 4 4 4 4 4 4 4 4 4 4 4 4 4 4 4 4 4 4 4 4 4 4 4 4 4 4 4 4 4 4 4 4 4 4 4 4 4 4 4 4 4 4 4 4 4 4 4 4 4 4 4 4 4 3 3 3 3 3 3 3 3 3 3 3 3 3 3 3 3 3 3 3 3 3 3 3 3 3 3 3 3 3 3 3 3 3 3 3 3 3 3 3 3 3 3 4 4 4 4 4 4 4 4 4 4 4 4 4 4 4 4 4 4 4 4 4 4 4 4 4 4 4 4 4 4 4 4 4 4 4 4 4 4 4 4 4 4 3 3 3 3 3 3 3 3 3 3 3 3 3 3 3 3 3 3 3 3 3 3 3 3 3 3 3 3 3 3 3 3 3 3 3 3 3 3 3 3 3 3 4 4 4 4 4 4 4 4 4 4 4 4 4 4 4 4 4 4 4 4 4 4 4 4 4 4 4 4 4 4 4 4 4 4 4 4 4 4 4 4 4 4 4 4 4 4 4 4 4 4 4 4 4 4 4 4 4 4 4 4 4 4 4 4 4 4 4 4 4 4 4 4 4 4 4 4 4 4 4 4 4 4 4 4 4 4 4 4 4 4 4 4 4 4 4 4 4 4 4 4 4 4 4 4 4 4 4 4 4 4 4 4 4 4 4 4 4 4 4 4 4 4 4 4 4 4 3 3 3 3 3 3 3 3 3 3 3 3 3 3 3 3 3 3 3 3 3 3 3 3 3 3 3 3 3 3 3 3 3 3 3 3 3 3 3 3 3 3 4 4 4 4 4 4 4 4 4 4 4 4 4 4 4 4 4 4 4 4 4 4 4 4 4 4 4 4 4 4 4 4 4 4 4 4 4 4 4 4 4 4 3 3 3 3 3 3 3 3 3 3 3 3 3 3 3 3 3 3 3 3 3 3 3 3 3 3 3 3 3 3 3 3 3 3 3 3 3 3 3 3 3 3 3 3 3 3 3 3 3 3 3 3 3 3 3 3 3 3 3 3 3 3 3 3 3 3 3 3 3 3 3 3 3 3 3 3 3 3 3 3 3 3 3 3 2 2 2 2 2 2 2 2 2 2 2 2 2 2 2 2 2 2 2 2 2 2 2 2 2 2 2 2 2 2 2 2 2 2 2 2 2 2 2 2 2 2 2 2 2 2 2 2 2 2 2 2 2 2 2 2 2 2 2 2 2 2 2 2 2 2 2 2 2 2 2 2 2 2 2 2 2 2 2 2 2 2 2 2 2 2 2 2 2 2 2 2 2 2 2 2 2 2 2 2 2 2 2 2 2 2 2 2 2 2 2 2 2 2 2 2 2 2 2 2 2 2 2 2 2 2 1 1 1 1 1 1 1 1 1 1 1 1 1 1 1 1 1 1 1 1 1 1 1 1 1 1 1 1 1 1 1 1 1 1 1 1 1 1 1 1 1 1
10 10 10 10 10 10 10 10 10 10 10 10 10 10 10 10 10 10 10 10 10 10 10 10 10 10 10 10 10 10 10 10 10 10 10 10 10 10 10 10 10 10 10 10 10 10 10 10 10 10 10 10 10 10 10 10 10 10 10 10 10 10 10 10 10 10 10 10 10 10 10 10 10 10 10 10 10 10 10 10 10 10 10 10 7 7 7 7 7 7 7 7 7 7 7 7 7 7 7 7 7 7 7 7 7 7 7 7 7 7 7 7 7 7 7 7 7 7 7 7 7 7 7 7 7 7 8 8 8 8 8 8 8 8 8 8 8 8 8 8 8 8 8 8 8 8 8 8 8 8 8 8 8 8 8 8 8 8 8 8 8 8 8 8 8 8 8 8 8 8 8 8 8 8 8 8 8 8 8 8 8 8 8 8 8 8 8 8 8 8 8 8 8 8 8 8 8 8 8 8 8 8 8 8 8 8 8 8 8 8 7 7 7 7 7 7 7 7 7 7 7 7 7 7 7 7 7 7 7 7 7 7 7 7 7 7 7 7 7 7 7 7 7 7 7 7 7 7 7 7 7 7
23 55 92 140
24 56 93 141
25 57 94 142
26 58 95 143
27 59 96 144
28 60 97 145
29 61 98 146
30 62 99 147
31 63 100 148
32 64 101 149
33 65 102 150
34 66 103 151
35 67 104 152
36 68 105 153
37 69 106 154
38 70 107 155
39 71 108 156
40 72 109 157
41 73 110 158
42 74 111 159
1 75 112 160
2 76 113 161
3 77 114 162
4 78 115 163
5 79 116 164
6 80 117 165
7 81 118 166
8 82 119 167
9 83 120 168
10 84 121 127
11 43 122 128
12 44 123 129
13 45 124 130
14 46 125 131
15 47 126 132
16 48 85 133
17 49 86 134
18 50 87 135
19 51 88 136
20 52 89 137
21 53 90 138
22 54 91 139
7 58 180 231
8 59 181 232
9 60 182 233
10 61 183 234
11 62 184 235
12 63 185 236
13 64 186 237
14 65 187 238
15 66 188 239
16 67 189 240
17 68 190 241
18 69 191 242
19 70 192 243
20 71 193 244
21 72 194 245
22 73 195 246
23 74 196 247
24 75 197 248
25 76 198 249
26 77 199 250
27 78 200 251
28 79 201 252
29 80 202 211
30 81 203 212
31 82 204 213
32 83 205 214
33 84 206 215
34 43 207 216
35 44 208 217
36 45 209 218
37 46 210 219
38 47 169 220
39 48 170 221
40 49 171 222
41 50 172 223
42 51 173 224
1 52 174 225
2 53 175 226
3 54 176 227
4 55 177 228
5 56 178 229
6 57 179 230
9 86 127 0
10 87 128 0
11 88 129 0
12 89 130 0
13 90 131 0
14 91 132 0
15 92 133 0
16 93 134 0
17 94 135 0
18 95 136 0
19 96 137 0
20 97 138 0
21 98 139 0
22 99 140 0
23 100 141 0
24 101 142 0
25 102 143 0
26 103 144 0
27 104 145 0
28 105 146 0
29 106 147 0
30 107 148 0
31 108 149 0
32 109 150 0
33 110 151 0
34 111 152 0
35 112 153 0
36 113 154 0
37 114 155 0
38 115 156 0
39 116 157 0
40 117 158 0
41 118 159 0
42 119 160 0
1 120 161 0
2 121 162 0
3 122 163 0
4 123 164 0
5 124 165 0
6 125 166 0
7 126 167 0
8 85 168 0
12 67 188 219
13 68 189 220
14 69 190 221
15 70 191 222
16 71 192 223
17 72 193 224
18 73 194 225
19 74 195 226
20 75 196 227
21 76 197 228
22 77 198 229
23 78 199 230
24 79 200 231
25 80 201 232
26 81 202 233
27 82 203 234
28 83 204 235
29 84 205 236
30 43 206 237
31 44 207 238
32 45 208 239
33 46 209 240
34 47 210 241
35 48 169 242
36 49 170 243
37 50 171 244
38 51 172 245
39 52 173 246
40 53 174 247
41 54 175 248
42 55 176 249
1 56 177 250
2 57 178 251
3 58 179 252
4 59 180 211
5 60 181 212
6 61 182 213
7 62 183 214
8 63 184 215
9 64 185 216
10 65 186 217
11 66 187 218
23 87 222 0
24 88 223 0
25 89 224 0
26 90 225 0
27 91 226 0
28 92 227 0
29 93 228 0
30 94 229 0
31 95 230 0
32 96 231 0
33 97 232 0
34 98 233 0
35 99 234 0
36 100 235 0
37 101 236 0
38 102 237 0
39 103 238 0
40 104 239 0
41 105 240 0
42 106 241 0
1 107 242 0
2 108 243 0
3 109 244 0
4 110 245 0
5 111 246 0
6 112 247 0
7 113 248 0
8 114 249 0
9 115 250 0
10 116 251 0
11 117 252 0
12 118 211 0
13 119 212 0
14 120 213 0
15 121 214 0
16 122 215 0
17 123 216 0
18 124 217 0
19 125 218 0
20 126 219 0
21 85 220 0
22 86 221 0
36 73 147 190
37 74 148 191
38 75 149 192
39 76 150 193
40 77 151 194
41 78 152 195
42 79 153 196
1 80 154 197
2 81 155 198
3 82 156 199
4 83 157 200
5 84 158 201
6 43 159 202
7 44 160 203
8 45 161 204
9 46 162 205
10 47 163 206
11 48 164 207
12 49 165 208
13 50 166 209
14 51 167 210
15 52 168 169
16 53 127 170
17 54 128 171
18 55 129 172
19 56 130 173
20 57 131 174
21 58 132 175
22 59 133 176
23 60 134 177
24 61 135 178
25 62 136 179
26 63 137 180
27 64 138 181
28 65 139 182
29 66 140 183
30 67 141 184
31 68 142 185
32 69 143 186
33 70 144 187
34 71 145 188
35 72 146 189
2 65 88 239
3 66 89 240
4 67 90 241
5 68 91 242
6 69 92 243
7 70 93 244
8 71 94 245
9 72 95 246
10 73 96 247
11 74 97 248
12 75 98 249
13 76 99 250
14 77 100 251
15 78 101 252
16 79 102 211
17 80 103 212
18 81 104 213
19 82 105 214
20 83 106 215
21 84 107 216
22 43 108 217
23 44 109 218
24 45 110 219
25 46 111 220
26 47 112 221
27 48 113 222
28 49 114 223
29 50 115 224
30 51 116 225
31 52 117 226
32 53 118 227
33 54 119 228
34 55 120 229
35 56 121 230
36 57 122 231
37 58 123 232
38 59 124 233
39 60 125 234
40 61 126 235
41 62 85 236
42 63 86 237
1 64 87 238
9 71 165 191
10 72 166 192
11 73 167 193
12 74 168 194
13 75 127 195
14 76 128 196
15 77 129 197
16 78 130 198
17 79 131 199
18 80 132 200
19 81 133 201
20 82 134 202
21 83 135 203
22 84 136 204
23 43 137 205
24 44 138 206
25 45 139 207
26 46 140 208
27 47 141 209
28 48 142 210
29 49 143 169
30 50 144 170
31 51 145 171
32 52 146 172
33 53 147 173
34 54 148 174
35 55 149 175
36 56 150 176
37 57 151 177
38 58 152 178
39 59 153 179
40 60 154 180
41 61 155 181
42 62 156 182
1 63 157 183
2 64 158 184
3 65 159 185
4 66 160 186
5 67 161 187
6 68 162 188
7 69 163 189
8 70 164 190
83 99 249 0
84 100 250 0
43 101 251 0
44 102 252 0
45 103 211 0
46 104 212 0
47 105 213 0
48 106 214 0
49 107 215 0
50 108 216 0
51 109 217 0
52 110 218 0
53 111 219 0
54 112 220 0
55 113 221 0
56 114 222 0
57 115 223 0
58 116 224 0
59 117 225 0
60 118 226 0
61 119 227 0
62 120 228 0
63 121 229 0
64 122 230 0
65 123 231 0
66 124 232 0
67 125 233 0
68 126 234 0
69 85 235 0
70 86 236 0
71 87 237 0
72 88 238 0
73 89 239 0
74 90 240 0
75 91 241 0
76 92 242 0
77 93 243 0
78 94 244 0
79 95 245 0
80 96 246 0
81 97 247 0
82 98 248 0
33 60 141 202
34 61 142 203
35 62 143 204
36 63 144 205
37 64 145 206
38 65 146 207
39 66 147 208
40 67 148 209
41 68 149 210
42 69 150 169
1 70 151 170
2 71 152 171
3 72 153 172
4 73 154 173
5 74 155 174
6 75 156 175
7 76 157 176
8 77 158 177
9 78 159 178
10 79 160 179
11 80 161 180
12 81 162 181
13 82 163 182
14 83 164 183
15 84 165 184
16 43 166 185
17 44 167 186
18 45 168 187
19 46 127 188
20 47 128 189
21 48 129 190
22 49 130 191
23 50 131 192
24 51 132 193
25 52 133 194
26 53 134 195
27 54 135 196
28 55 136 197
29 56 137 198
30 57 138 199
31 58 139 200
32 59 140 201
2 70 199 0
3 71 200 0
4 72 201 0
5 73 202 0
6 74 203 0
7 75 204 0
8 76 205 0
9 77 206 0
10 78 207 0
11 79 208 0
12 80 209 0
13 81 210 0
14 82 169 0
15 83 170 0
16 84 171 0
17 43 172 0
18 44 173 0
19 45 174 0
20 46 175 0
21 47 176 0
22 48 177 0
23 49 178 0
24 50 179 0
25 51 180 0
26 52 181 0
27 53 182 0
28 54 183 0
29 55 184 0
30 56 185 0
31 57 186 0
32 58 187 0
33 59 188 0
34 60 189 0
35 61 190 0
36 62 191 0
37 63 192 0
38 64 193 0
39 65 194 0
40 66 195 0
41 67 196 0
42 68 197 0
1 69 198 0
79 124 142 0
80 125 143 0
81 126 144 0
82 85 145 0
83 86 146 0
84 87 147 0
43 88 148 0
44 89 149 0
45 90 150 0
46 91 151 0
47 92 152 0
48 93 153 0
49 94 154 0
50 95 155 0
51 96 156 0
52 97 157 0
53 98 158 0
54 99 159 0
55 100 160 0
56 101 161 0
57 102 162 0
58 103 163 0
59 104 164 0
60 105 165 0
61 106 166 0
62 107 167 0
63 108 168 0
64 109 127 0
65 110 128 0
66 111 129 0
67 112 130 0
68 113 131 0
69 114 132 0
70 115 133 0
71 116 134 0
72 117 135 0
73 118 136 0
74 119 137 0
75 120 138 0
76 121 139 0
77 122 140 0
78 123 141 0
99 145 0 0
100 146 0 0
101 147 0 0
102 148 0 0
103 149 0 0
104 150 0 0
105 151 0 0
106 152 0 0
107 153 0 0
108 154 0 0
109 155 0 0
110 156 0 0
111 157 0 0
112 158 0 0
113 159 0 0
114 160 0 0
115 161 0 0
116 162 0 0
117 163 0 0
118 164 0 0
119 165 0 0
120 166 0 0
121 167 0 0
122 168 0 0
123 127 0 0
124 128 0 0
125 129 0 0
126 130 0 0
85 131 0 0
86 132 0 0
87 133 0 0
88 134 0 0
89 135 0 0
90 136 0 0
91 137 0 0
92 138 0 0
93 139 0 0
94 140 0 0
95 141 0 0
96 142 0 0
97 143 0 0
98 144 0 0
146 169 0 0
147 170 0 0
148 171 0 0
149 172 0 0
150 173 0 0
151 174 0 0
152 175 0 0
153 176 0 0
154 177 0 0
155 178 0 0
156 179 0 0
157 180 0 0
158 181 0 0
159 182 0 0
160 183 0 0
161 184 0 0
162 185 0 0
163 186 0 0
164 187 0 0
165 188 0 0
166 189 0 0
167 190 0 0
168 191 0 0
127 192 0 0
128 193 0 0
129 194 0 0
130 195 0 0
131 196 0 0
132 197 0 0
133 198 0 0
134 199 0 0
135 200 0 0
136 201 0 0
137 202 0 0
138 203 0 0
139 204 0 0
140 205 0 0
141 206 0 0
142 207 0 0
143 208 0 0
144 209 0 0
145 210 0 0
198 231 0 0
199 232 0 0
200 233 0 0
201 234 0 0
202 235 0 0
203 236 0 0
204 237 0 0
205 238 0 0
206 239 0 0
207 240 0 0
208 241 0 0
209 242 0 0
210 243 0 0
169 244 0 0
170 245 0 0
171 246 0 0
172 247 0 0
173 248 0 0
174 249 0 0
175 250 0 0
176 251 0 0
177 252 0 0
178 211 0 0
179 212 0 0
180 213 0 0
181 214 0 0
182 215 0 0
183 216 0 0
184 217 0 0
185 218 0 0
186 219 0 0
187 220 0 0
188 221 0 0
189 222 0 0
190 223 0 0
191 224 0 0
192 225 0 0
193 226 0 0
194 227 0 0
195 228 0 0
196 229 0 0
197 230 0 0
229 0 0 0
230 0 0 0
231 0 0 0
232 0 0 0
233 0 0 0
234 0 0 0
235 0 0 0
236 0 0 0
237 0 0 0
238 0 0 0
239 0 0 0
240 0 0 0
241 0 0 0
242 0 0 0
243 0 0 0
244 0 0 0
245 0 0 0
246 0 0 0
247 0 0 0
248 0 0 0
249 0 0 0
250 0 0 0
251 0 0 0
252 0 0 0
211 0 0 0
212 0 0 0
213 0 0 0
214 0 0 0
215 0 0 0
216 0 0 0
217 0 0 0
218 0 0 0
219 0 0 0
220 0 0 0
221 0 0 0
222 0 0 0
223 0 0 0
224 0 0 0
225 0 0 0
226 0 0 0
227 0 0 0
228 0 0 0
21 79 119 158 189 218 294 329 389 462
22 80 120 159 190 219 253 330 390 421
23 81 121 160 191 220 254 331 391 422
24 82 122 161 192 221 255 332 392 423
25 83 123 162 193 222 256 333 393 424
26 84 124 163 194 223 257 334 394 425
27 43 125 164 195 224 258 335 395 426
28 44 126 165 196 225 259 336 396 427
29 45 85 166 197 226 260 295 397 428
30 46 86 167 198 227 261 296 398 429
31 47 87 168 199 228 262 297 399 430
32 48 88 127 200 229 263 298 400 431
33 49 89 128 201 230 264 299 401 432
34 50 90 129 202 231 265 300 402 433
35 51 91 130 203 232 266 301 403 434
36 52 92 131 204 233 267 302 404 435
37 53 93 132 205 234 268 303 405 436
38 54 94 133 206 235 269 304 406 437
39 55 95 134 207 236 270 305 407 438
40 56 96 135 208 237 271 306 408 439
41 57 97 136 209 238 272 307 409 440
42 58 98 137 210 239 273 308 410 441
1 59 99 138 169 240 274 309 411 442
2 60 100 139 170 241 275 310 412 443
3 61 101 140 171 242 276 311 413 444
4 62 102 141 172 243 277 312 414 445
5 63 103 142 173 244 278 313 415 446
6 64 104 143 174 245 279 314 416 447
7 65 105 144 175 246 280 315 417 448
8 66 106 145 176 247 281 316 418 449
9 67 107 146 177 248 282 317 419 450
10 68 108 147 178 249 283 318 420 451
11 69 109 148 179 250 284 319 379 452
12 70 110 149 180 251 285 320 380 453
13 71 111 150 181 252 286 321 381 454
14 72 112 151 182 211 287 322 382 455
15 73 113 152 183 212 288 323 383 456
16 74 114 153 184 213 289 324 384 457
17 75 115 154 185 214 290 325 385 458
18 76 116 155 186 215 291 326 386 459
19 77 117 156 187 216 292 327 387 460
20 78 118 157 188 217 293 328 388 461
31 70 145 223 273 309 339 404 436 469
32 71 146 224 274 310 340 405 437 470
33 72 147 225 275 311 341 406 438 471
34 73 148 226 276 312 342 407 439 472
35 74 149 227 277 313 343 408 440 473
36 75 150 228 278 314 344 409 441 474
37 76 151 229 279 315 345 410 442 475
38 77 152 230 280 316 346 411 443 476
39 78 153 231 281 317 347 412 444 477
40 79 154 232 282 318 348 413 445 478
41 80 155 233 283 319 349 414 446 479
42 81 156 234 284 320 350 415 447 480
1 82 157 235 285 321 351 416 448 481
2 83 158 236 286 322 352 417 449 482
3 84 159 237 287 323 353 418 450 483
4 43 160 238 288 324 354 419 451 484
5 44 161 239 289 325 355 420 452 485
6 45 162 240 290 326 356 379 453 486
7 46 163 241 291 327 357 380 454 487
8 47 164 242 292 328 358 381 455 488
9 48 165 243 293 329 359 382 456 489
10 49 166 244 294 330 360 383 457 490
11 50 167 245 253 331 361 384 458 491
12 51 168 246 254 332 362 385 459 492
13 52 127 247 255 333 363 386 460 493
14 53 128 248 256 334 364 387 461 494
15 54 129 249 257 335 365 388 462 495
16 55 130 250 258 336 366 389 421 496
17 56 131 251 259 295 367 390 422 497
18 57 132 252 260 296 368 391 423 498
19 58 133 211 261 297 369 392 424 499
20 59 134 212 262 298 370 393 425 500
21 60 135 213 263 299 371 394 426 501
22 61 136 214 264 300 372 395 427 502
23 62 137 215 265 301 373 396 428 503
24 63 138 216 266 302 374 397 429 504
25 64 139 217 267 303 375 398 430 463
26 65 140 218 268 304 376 399 431 464
27 66 141 219 269 305 377 400 432 465
28 67 142 220 270 306 378 401 433 466
29 68 143 221 271 307 337 402 434 467
30 69 144 222 272 308 338 403 435 468
36 126 209 292 365 466 533 0 0 0
37 85 210 293 366 467 534 0 0 0
38 86 169 294 367 468 535 0 0 0
39 87 170 253 368 469 536 0 0 0
40 88 171 254 369 470 537 0 0 0
41 89 172 255 370 471 538 0 0 0
42 90 173 256 371 472 539 0 0 0
1 91 174 257 372 473 540 0 0 0
2 92 175 258 373 474 541 0 0 0
3 93 176 259 374 475 542 0 0 0
4 94 177 260 375 476 543 0 0 0
5 95 178 261 376 477 544 0 0 0
6 96 179 262 377 478 545 0 0 0
7 97 180 263 378 479 546 0 0 0
8 98 181 264 337 480 505 0 0 0
9 99 182 265 338 481 506 0 0 0
10 100 183 266 339 482 507 0 0 0
11 101 184 267 340 483 508 0 0 0
12 102 185 268 341 484 509 0 0 0
13 103 186 269 342 485 510 0 0 0
14 104 187 270 343 486 511 0 0 0
15 105 188 271 344 487 512 0 0 0
16 106 189 272 345 488 513 0 0 0
17 107 190 273 346 489 514 0 0 0
18 108 191 274 347 490 515 0 0 0
19 109 192 275 348 491 516 0 0 0
20 110 193 276 349 492 517 0 0 0
21 111 194 277 350 493 518 0 0 0
22 112 195 278 351 494 519 0 0 0
23 113 196 279 352 495 520 0 0 0
24 114 197 280 353 496 521 0 0 0
25 115 198 281 354 497 522 0 0 0
26 116 199 282 355 498 523 0 0 0
27 117 200 283 356 499 524 0 0 0
28 118 201 284 357 500 525 0 0 0
29 119 202 285 358 501 526 0 0 0
30 120 203 286 359 502 527 0 0 0
31 121 204 287 360 503 528 0 0 0
32 122 205 288 361 504 529 0 0 0
33 123 206 289 362 463 530 0 0 0
34 124 207 290 363 464 531 0 0 0
35 125 208 291 364 465 532 0 0 0
30 85 233 299 407 490 529 570 0 0
31 86 234 300 408 491 530 571 0 0
32 87 235 301 409 492 531 572 0 0
33 88 236 302 410 493 532 573 0 0
34 89 237 303 411 494 533 574 0 0
35 90 238 304 412 495 534 575 0 0
36 91 239 305 413 496 535 576 0 0
37 92 240 306 414 497 536 577 0 0
38 93 241 307 415 498 537 578 0 0
39 94 242 308 416 499 538 579 0 0
40 95 243 309 417 500 539 580 0 0
41 96 244 310 418 501 540 581 0 0
42 97 245 311 419 502 541 582 0 0
1 98 246 312 420 503 542 583 0 0
2 99 247 313 379 504 543 584 0 0
3 100 248 314 380 463 544 585 0 0
4 101 249 315 381 464 545 586 0 0
5 102 250 316 382 465 546 587 0 0
6 103 251 317 383 466 505 588 0 0
7 104 252 318 384 467 506 547 0 0
8 105 211 319 385 468 507 548 0 0
9 106 212 320 386 469 508 549 0 0
10 107 213 321 387 470 509 550 0 0
11 108 214 322 388 471 510 551 0 0
12 109 215 323 389 472 511 552 0 0
13 110 216 324 390 473 512 553 0 0
14 111 217 325 391 474 513 554 0 0
15 112 218 326 392 475 514 555 0 0
16 113 219 327 393 476 515 556 0 0
17 114 220 328 394 477 516 557 0 0
18 115 221 329 395 478 517 558 0 0
19 116 222 330 396 479 518 559 0 0
20 117 223 331 397 480 519 560 0 0
21 118 224 332 398 481 520 561 0 0
22 119 225 333 399 482 521 562 0 0
23 120 226 334 400 483 522 563 0 0
24 121 227 335 401 484 523 564 0 0
25 122 228 336 402 485 524 565 0 0
26 123 229 295 403 486 525 566 0 0
27 124 230 296 404 487 526 567 0 0
28 125 231 297 405 488 527 568 0 0
29 126 232 298 406 489 528 569 0 0
74 150 232 315 388 433 547 602 0 0
75 151 233 316 389 434 548 603 0 0
76 152 234 317 390 435 549 604 0 0
77 153 235 318 391 436 550 605 0 0
78 154 236 319 392 437 551 606 0 0
79 155 237 320 393 438 552 607 0 0
80 156 238 321 394 439 553 608 0 0
81 157 239 322 395 440 554 609 0 0
82 158 240 323 396 441 555 610 0 0
83 159 241 324 397 442 556 611 0 0
84 160 242 325 398 443 557 612 0 0
43 161 243 326 399 444 558 613 0 0
44 162 244 327 400 445 559 614 0 0
45 163 245 328 401 446 560 615 0 0
46 164 246 329 402 447 561 616 0 0
47 165 247 330 403 448 562 617 0 0
48 166 248 331 404 449 563 618 0 0
49 167 249 332 405 450 564 619 0 0
50 168 250 333 406 451 565 620 0 0
51 127 251 334 407 452 566 621 0 0
52 128 252 335 408 453 567 622 0 0
53 129 211 336 409 454 568 623 0 0
54 130 212 295 410 455 569 624 0 0
55 131 213 296 411 456 570 625 0 0
56 132 214 297 412 457 571 626 0 0
57 133 215 298 413 458 572 627 0 0
58 134 216 299 414 459 573 628 0 0
59 135 217 300 415 460 574 629 0 0
60 136 218 301 416 461 575 630 0 0
61 137 219 302 417 462 576 589 0 0
62 138 220 303 418 421 577 590 0 0
63 139 221 304 419 422 578 591 0 0
64 140 222 305 420 423 579 592 0 0
65 141 223 306 379 424 580 593 0 0
66 142 224 307 380 425 581 594 0 0
67 143 225 308 381 426 582 595 0 0
68 144 226 309 382 427 583 596 0 0
69 145 227 310 383 428 584 597 0 0
70 146 228 311 384 429 585 598 0 0
71 147 229 312 385 430 586 599 0 0
72 148 230 313 386 431 587 600 0 0
73 149 231 314 387 432 588 601 0 0
65 161 200 267 341 611 655 0 0 0
66 162 201 268 342 612 656 0 0 0
67 163 202 269 343 613 657 0 0 0
68 164 203 270 344 614 658 0 0 0
69 165 204 271 345 615 659 0 0 0
70 166 205 272 346 616 660 0 0 0
71 167 206 273 347 617 661 0 0 0
72 168 207 274 348 618 662 0 0 0
73 127 208 275 349 619 663 0 0 0
74 128 209 276 350 620 664 0 0 0
75 129 210 277 351 621 665 0 0 0
76 130 169 278 352 622 666 0 0 0
77 131 170 279 353 623 667 0 0 0
78 132 171 280 354 624 668 0 0 0
79 133 172 281 355 625 669 0 0 0
80 134 173 282 356 626 670 0 0 0
81 135 174 283 357 627 671 0 0 0
82 136 175 284 358 628 672 0 0 0
83 137 176 285 359 629 631 0 0 0
84 138 177 286 360 630 632 0 0 0
43 139 178 287 361 589 633 0 0 0
44 140 179 288 362 590 634 0 0 0
45 141 180 289 363 591 635 0 0 0
46 142 181 290 364 592 636 0 0 0
47 143 182 291 365 593 637 0 0 0
48 144 183 292 366 594 638 0 0 0
49 145 184 293 367 595 639 0 0 0
50 146 185 294 368 596 640 0 0 0
51 147 186 253 369 597 641 0 0 0
52 148 187 254 370 598 642 0 0 0
53 149 188 255 371 599 643 0 0 0
54 150 189 256 372 600 644 0 0 0
55 151 190 257 373 601 645 0 0 0
56 152 191 258 374 602 646 0 0 0
57 153 192 259 375 603 647 0 0 0
58 154 193 260 376 604 648 0 0 0
59 155 194 261 377 605 649 0 0 0
60 156 195 262 378 606 650 0 0 0
61 157 196 263 337 607 651 0 0 0
62 158 197 264 338 608 652 0 0 0
63 159 198 265 339 609 653 0 0 0
64 160 199 266 340 610 654 0 0 0
