672 168
4 15
4 4 4 4 4 4 4 4 4 4 4 4 4 4 4 4 4 4 4 4 4 4 4 4 4 4 4 4 4 4 4 4 4 4 4 4 4 4 4 4 4 4 4 4 4 4 4 4 4 4 4 4 4 4 4 4 4 4 4 4 4 4 4 4 4 4 4 4 4 4 4 4 4 4 4 4 4 4 4 4 4 4 4 4 4 4 4 4 4 4 4 4 4 4 4 4 4 4 4 4 4 4 4 4 4 4 4 4 4 4 4 4 4 4 4 4 4 4 4 4 4 4 4 4 4 4 4 4 4 4 4 4 4 4 4 4 4 4 4 4 4 4 4 4 4 4 4 4 4 4 4 4 4 4 4 4 4 4 4 4 4 4 4 4 4 4 4 4 4 4 4 4 4 4 4 4 4 4 4 4 4 4 4 4 4 4 4 4 4 4 4 4 4 4 4 4 4 4 4 4 4 4 4 4 4 4 4 4 4 4 4 4 4 4 4 4 4 4 4 4 4 4 4 4 4 4 4 4 4 4 4 4 4 4 4 4 4 4 4 4 4 4 4 4 4 4 4 4 4 4 4 4 4 4 4 4 4 4 4 4 4 4 4 4 4 4 4 4 4 4 4 4 4 4 4 4 4 4 4 4 4 4 4 4 4 4 4 4 4 4 4 4 4 4 4 4 4 4 4 4 4 4 4 4 4 4 4 4 4 4 4 4 4 4 4 4 4 4 4 4 4 4 4 4 4 4 4 4 4 4 4 4 4 4 4 4 4 4 4 4 4 4 4 4 4 4 4 4 4 4 4 4 4 4 4 4 4 4 4 4 4 4 4 4 4 4 4 4 4 4 4 4 4 4 4 4 4 4 3 3 3 3 3 3 3 3 3 3 3 3 3 3 3 3 3 3 3 3 3 3 3 3 3 3 3 3 3 3 3 3 3 3 3 3 3 3 3 3 3 3 4 4 4 4 4 4 4 4 4 4 4 4 4 4 4 4 4 4 4 4 4 4 4 4 4 4 4 4 4 4 4 4 4 4 4 4 4 4 4 4 4 4 4 4 4 4 4 4 4 4 4 4 4 4 4 4 4 4 4 4 4 4 4 4 4 4 4 4 4 4 4 4 4 4 4 4 4 4 4 4 4 4 4 4 3 3 3 3 3 3 3 3 3 3 3 3 3 3 3 3 3 3 3 3 3 3 3 3 3 3 3 3 3 3 3 3 3 3 3 3 3 3 3 3 3 3 3 3 3 3 3 3 3 3 3 3 3 3 3 3 3 3 3 3 3 3 3 3 3 3 3 3 3 3 3 3 3 3 3 3 3 3 3 3 3 3 3 3 2 2 2 2 2 2 2 2 2 2 2 2 2 2 2 2 2 2 2 2 2 2 2 2 2 2 2 2 2 2 2 2 2 2 2 2 2 2 2 2 2 2 1 1 1 1 1 1 1 1 1 1 1 1 1 1 1 1 1 1 1 1 1 1 1 1 1 1 1 1 1 1 1 1 1 1 1 1 1 1 1 1 1 1
13 13 13 13 13 13 13 13 13 13 13 13 13 13 13 13 13 13 13 13 13 13 13 13 13 13 13 13 13 13 13 13 13 13 13 13 13 13 13 13 13 13 14 14 14 14 14 14 14 14 14 14 14 14 14 14 14 14 14 14 14 14 14 14 14 14 14 14 14 14 14 14 14 14 14 14 14 14 14 14 14 14 14 14 14 14 14 14 14 14 14 14 14 14 14 14 14 14 14 14 14 14 14 14 14 14 14 14 14 14 14 14 14 14 14 14 14 14 14 14 14 14 14 14 14 14 15 15 15 15 15 15 15 15 15 15 15 15 15 15 15 15 15 15 15 15 15 15 15 15 15 15 15 15 15 15 15 15 15 15 15 15 15 15 15 15 15 15
8 56 90 144
9 57 91 145
10 58 92 146
11 59 93 147
12 60 94 148
13 61 95 149
14 62 96 150
15 63 97 151
16 64 98 152
17 65 99 153
18 66 100 154
19 67 101 155
20 68 102 156
21 69 103 157
22 70 104 158
23 71 105 159
24 72 106 160
25 73 107 161
26 74 108 162
27 75 109 163
28 76 110 164
29 77 111 165
30 78 112 166
31 79 113 167
32 80 114 168
33 81 115 127
34 82 116 128
35 83 117 129
36 84 118 130
37 43 119 131
38 44 120 132
39 45 121 133
40 46 122 134
41 47 123 135
42 48 124 136
1 49 125 137
2 50 126 138
3 51 85 139
4 52 86 140
5 53 87 141
6 54 88 142
7 55 89 143
24 55 96 147
25 56 97 148
26 57 98 149
27 58 99 150
28 59 100 151
29 60 101 152
30 61 102 153
31 62 103 154
32 63 104 155
33 64 105 156
34 65 106 157
35 66 107 158
36 67 108 159
37 68 109 160
38 69 110 161
39 70 111 162
40 71 112 163
41 72 113 164
42 73 114 165
1 74 115 166
2 75 116 167
3 76 117 168
4 77 118 127
5 78 119 128
6 79 120 129
7 80 121 130
8 81 122 131
9 82 123 132
10 83 124 133
11 84 125 134
12 43 126 135
13 44 85 136
14 45 86 137
15 46 87 138
16 47 88 139
17 48 89 140
18 49 90 141
19 50 91 142
20 51 92 143
21 52 93 144
22 53 94 145
23 54 95 146
2 43 109 165
3 44 110 166
4 45 111 167
5 46 112 168
6 47 113 127
7 48 114 128
8 49 115 129
9 50 116 130
10 51 117 131
11 52 118 132
12 53 119 133
13 54 120 134
14 55 121 135
15 56 122 136
16 57 123 137
17 58 124 138
18 59 125 139
19 60 126 140
20 61 85 141
21 62 86 142
22 63 87 143
23 64 88 144
24 65 89 145
25 66 90 146
26 67 91 147
27 68 92 148
28 69 93 149
29 70 94 150
30 71 95 151
31 72 96 152
32 73 97 153
33 74 98 154
34 75 99 155
35 76 100 156
36 77 101 157
37 78 102 158
38 79 103 159
39 80 104 160
40 81 105 161
41 82 106 162
42 83 107 163
1 84 108 164
21 77 104 135
22 78 105 136
23 79 106 137
24 80 107 138
25 81 108 139
26 82 109 140
27 83 110 141
28 84 111 142
29 43 112 143
30 44 113 144
31 45 114 145
32 46 115 146
33 47 116 147
34 48 117 148
35 49 118 149
36 50 119 150
37 51 120 151
38 52 121 152
39 53 122 153
40 54 123 154
41 55 124 155
42 56 125 156
1 57 126 157
2 58 85 158
3 59 86 159
4 60 87 160
5 61 88 161
6 62 89 162
7 63 90 163
8 64 91 164
9 65 92 165
10 66 93 166
11 67 94 167
12 68 95 168
13 69 96 127
14 70 97 128
15 71 98 129
16 72 99 130
17 73 100 131
18 74 101 132
19 75 102 133
20 76 103 134
3 52 116 138
4 53 117 139
5 54 118 140
6 55 119 141
7 56 120 142
8 57 121 143
9 58 122 144
10 59 123 145
11 60 124 146
12 61 125 147
13 62 126 148
14 63 85 149
15 64 86 150
16 65 87 151
17 66 88 152
18 67 89 153
19 68 90 154
20 69 91 155
21 70 92 156
22 71 93 157
23 72 94 158
24 73 95 159
25 74 96 160
26 75 97 161
27 76 98 162
28 77 99 163
29 78 100 164
30 79 101 165
31 80 102 166
32 81 103 167
33 82 104 168
34 83 105 127
35 84 106 128
36 43 107 129
37 44 108 130
38 45 109 131
39 46 110 132
40 47 111 133
41 48 112 134
42 49 113 135
1 50 114 136
2 51 115 137
2 63 106 166
3 64 107 167
4 65 108 168
5 66 109 127
6 67 110 128
7 68 111 129
8 69 112 130
9 70 113 131
10 71 114 132
11 72 115 133
12 73 116 134
13 74 117 135
14 75 118 136
15 76 119 137
16 77 120 138
17 78 121 139
18 79 122 140
19 80 123 141
20 81 124 142
21 82 125 143
22 83 126 144
23 84 85 145
24 43 86 146
25 44 87 147
26 45 88 148
27 46 89 149
28 47 90 150
29 48 91 151
30 49 92 152
31 50 93 153
32 51 94 154
33 52 95 155
34 53 96 156
35 54 97 157
36 55 98 158
37 56 99 159
38 57 100 160
39 58 101 161
40 59 102 162
41 60 103 163
42 61 104 164
1 62 105 165
4 68 121 155
5 69 122 156
6 70 123 157
7 71 124 158
8 72 125 159
9 73 126 160
10 74 85 161
11 75 86 162
12 76 87 163
13 77 88 164
14 78 89 165
15 79 90 166
16 80 91 167
17 81 92 168
18 82 93 127
19 83 94 128
20 84 95 129
21 43 96 130
22 44 97 131
23 45 98 132
24 46 99 133
25 47 100 134
26 48 101 135
27 49 102 136
28 50 103 137
29 51 104 138
30 52 105 139
31 53 106 140
32 54 107 141
33 55 108 142
34 56 109 143
35 57 110 144
36 58 111 145
37 59 112 146
38 60 113 147
39 61 114 148
40 62 115 149
41 63 116 150
42 64 117 151
1 65 118 152
2 66 119 153
3 67 120 154
37 81 107 154
38 82 108 155
39 83 109 156
40 84 110 157
41 43 111 158
42 44 112 159
1 45 113 160
2 46 114 161
3 47 115 162
4 48 116 163
5 49 117 164
6 50 118 165
7 51 119 166
8 52 120 167
9 53 121 168
10 54 122 127
11 55 123 128
12 56 124 129
13 57 125 130
14 58 126 131
15 59 85 132
16 60 86 133
17 61 87 134
18 62 88 135
19 63 89 136
20 64 90 137
21 65 91 138
22 66 92 139
23 67 93 140
24 68 94 141
25 69 95 142
26 70 96 143
27 71 97 144
28 72 98 145
29 73 99 146
30 74 100 147
31 75 101 148
32 76 102 149
33 77 103 150
34 78 104 151
35 79 105 152
36 80 106 153
15 58 95 165
16 59 96 166
17 60 97 167
18 61 98 168
19 62 99 127
20 63 100 128
21 64 101 129
22 65 102 130
23 66 103 131
24 67 104 132
25 68 105 133
26 69 106 134
27 70 107 135
28 71 108 136
29 72 109 137
30 73 110 138
31 74 111 139
32 75 112 140
33 76 113 141
34 77 114 142
35 78 115 143
36 79 116 144
37 80 117 145
38 81 118 146
39 82 119 147
40 83 120 148
41 84 121 149
42 43 122 150
1 44 123 151
2 45 124 152
3 46 125 153
4 47 126 154
5 48 85 155
6 49 86 156
7 50 87 157
8 51 88 158
9 52 89 159
10 53 90 160
11 54 91 161
12 55 92 162
13 56 93 163
14 57 94 164
25 57 118 0
26 58 119 0
27 59 120 0
28 60 121 0
29 61 122 0
30 62 123 0
31 63 124 0
32 64 125 0
33 65 126 0
34 66 85 0
35 67 86 0
36 68 87 0
37 69 88 0
38 70 89 0
39 71 90 0
40 72 91 0
41 73 92 0
42 74 93 0
1 75 94 0
2 76 95 0
3 77 96 0
4 78 97 0
5 79 98 0
6 80 99 0
7 81 100 0
8 82 101 0
9 83 102 0
10 84 103 0
11 43 104 0
12 44 105 0
13 45 106 0
14 46 107 0
15 47 108 0
16 48 109 0
17 49 110 0
18 50 111 0
19 51 112 0
20 52 113 0
21 53 114 0
22 54 115 0
23 55 116 0
24 56 117 0
26 65 115 155
27 66 116 156
28 67 117 157
29 68 118 158
30 69 119 159
31 70 120 160
32 71 121 161
33 72 122 162
34 73 123 163
35 74 124 164
36 75 125 165
37 76 126 166
38 77 85 167
39 78 86 168
40 79 87 127
41 80 88 128
42 81 89 129
1 82 90 130
2 83 91 131
3 84 92 132
4 43 93 133
5 44 94 134
6 45 95 135
7 46 96 136
8 47 97 137
9 48 98 138
10 49 99 139
11 50 100 140
12 51 101 141
13 52 102 142
14 53 103 143
15 54 104 144
16 55 105 145
17 56 106 146
18 57 107 147
19 58 108 148
20 59 109 149
21 60 110 150
22 61 111 151
23 62 112 152
24 63 113 153
25 64 114 154
40 58 98 151
41 59 99 152
42 60 100 153
1 61 101 154
2 62 102 155
3 63 103 156
4 64 104 157
5 65 105 158
6 66 106 159
7 67 107 160
8 68 108 161
9 69 109 162
10 70 110 163
11 71 111 164
12 72 112 165
13 73 113 166
14 74 114 167
15 75 115 168
16 76 116 127
17 77 117 128
18 78 118 129
19 79 119 130
20 80 120 131
21 81 121 132
22 82 122 133
23 83 123 134
24 84 124 135
25 43 125 136
26 44 126 137
27 45 85 138
28 46 86 139
29 47 87 140
30 48 88 141
31 49 89 142
32 50 90 143
33 51 91 144
34 52 92 145
35 53 93 146
36 54 94 147
37 55 95 148
38 56 96 149
39 57 97 150
15 61 156 0
16 62 157 0
17 63 158 0
18 64 159 0
19 65 160 0
20 66 161 0
21 67 162 0
22 68 163 0
23 69 164 0
24 70 165 0
25 71 166 0
26 72 167 0
27 73 168 0
28 74 127 0
29 75 128 0
30 76 129 0
31 77 130 0
32 78 131 0
33 79 132 0
34 80 133 0
35 81 134 0
36 82 135 0
37 83 136 0
38 84 137 0
39 43 138 0
40 44 139 0
41 45 140 0
42 46 141 0
1 47 142 0
2 48 143 0
3 49 144 0
4 50 145 0
5 51 146 0
6 52 147 0
7 53 148 0
8 54 149 0
9 55 150 0
10 56 151 0
11 57 152 0
12 58 153 0
13 59 154 0
14 60 155 0
62 85 156 0
63 86 157 0
64 87 158 0
65 88 159 0
66 89 160 0
67 90 161 0
68 91 162 0
69 92 163 0
70 93 164 0
71 94 165 0
72 95 166 0
73 96 167 0
74 97 168 0
75 98 127 0
76 99 128 0
77 100 129 0
78 101 130 0
79 102 131 0
80 103 132 0
81 104 133 0
82 105 134 0
83 106 135 0
84 107 136 0
43 108 137 0
44 109 138 0
45 110 139 0
46 111 140 0
47 112 141 0
48 113 142 0
49 114 143 0
50 115 144 0
51 116 145 0
52 117 146 0
53 118 147 0
54 119 148 0
55 120 149 0
56 121 150 0
57 122 151 0
58 123 152 0
59 124 153 0
60 125 154 0
61 126 155 0
114 147 0 0
115 148 0 0
116 149 0 0
117 150 0 0
118 151 0 0
119 152 0 0
120 153 0 0
121 154 0 0
122 155 0 0
123 156 0 0
124 157 0 0
125 158 0 0
126 159 0 0
85 160 0 0
86 161 0 0
87 162 0 0
88 163 0 0
89 164 0 0
90 165 0 0
91 166 0 0
92 167 0 0
93 168 0 0
94 127 0 0
95 128 0 0
96 129 0 0
97 130 0 0
98 131 0 0
99 132 0 0
100 133 0 0
101 134 0 0
102 135 0 0
103 136 0 0
104 137 0 0
105 138 0 0
106 139 0 0
107 140 0 0
108 141 0 0
109 142 0 0
110 143 0 0
111 144 0 0
112 145 0 0
113 146 0 0
145 0 0 0
146 0 0 0
147 0 0 0
148 0 0 0
149 0 0 0
150 0 0 0
151 0 0 0
152 0 0 0
153 0 0 0
154 0 0 0
155 0 0 0
156 0 0 0
157 0 0 0
158 0 0 0
159 0 0 0
160 0 0 0
161 0 0 0
162 0 0 0
163 0 0 0
164 0 0 0
165 0 0 0
166 0 0 0
167 0 0 0
168 0 0 0
127 0 0 0
128 0 0 0
129 0 0 0
130 0 0 0
131 0 0 0
132 0 0 0
133 0 0 0
134 0 0 0
135 0 0 0
136 0 0 0
137 0 0 0
138 0 0 0
139 0 0 0
140 0 0 0
141 0 0 0
142 0 0 0
143 0 0 0
144 0 0 0
36 62 126 149 209 252 292 301 365 397 438 466 533 0 0
37 63 85 150 210 211 293 302 366 398 439 467 534 0 0
38 64 86 151 169 212 294 303 367 399 440 468 535 0 0
39 65 87 152 170 213 253 304 368 400 441 469 536 0 0
40 66 88 153 171 214 254 305 369 401 442 470 537 0 0
41 67 89 154 172 215 255 306 370 402 443 471 538 0 0
42 68 90 155 173 216 256 307 371 403 444 472 539 0 0
1 69 91 156 174 217 257 308 372 404 445 473 540 0 0
2 70 92 157 175 218 258 309 373 405 446 474 541 0 0
3 71 93 158 176 219 259 310 374 406 447 475 542 0 0
4 72 94 159 177 220 260 311 375 407 448 476 543 0 0
5 73 95 160 178 221 261 312 376 408 449 477 544 0 0
6 74 96 161 179 222 262 313 377 409 450 478 545 0 0
7 75 97 162 180 223 263 314 378 410 451 479 546 0 0
8 76 98 163 181 224 264 315 337 411 452 480 505 0 0
9 77 99 164 182 225 265 316 338 412 453 481 506 0 0
10 78 100 165 183 226 266 317 339 413 454 482 507 0 0
11 79 101 166 184 227 267 318 340 414 455 483 508 0 0
12 80 102 167 185 228 268 319 341 415 456 484 509 0 0
13 81 103 168 186 229 269 320 342 416 457 485 510 0 0
14 82 104 127 187 230 270 321 343 417 458 486 511 0 0
15 83 105 128 188 231 271 322 344 418 459 487 512 0 0
16 84 106 129 189 232 272 323 345 419 460 488 513 0 0
17 43 107 130 190 233 273 324 346 420 461 489 514 0 0
18 44 108 131 191 234 274 325 347 379 462 490 515 0 0
19 45 109 132 192 235 275 326 348 380 421 491 516 0 0
20 46 110 133 193 236 276 327 349 381 422 492 517 0 0
21 47 111 134 194 237 277 328 350 382 423 493 518 0 0
22 48 112 135 195 238 278 329 351 383 424 494 519 0 0
23 49 113 136 196 239 279 330 352 384 425 495 520 0 0
24 50 114 137 197 240 280 331 353 385 426 496 521 0 0
25 51 115 138 198 241 281 332 354 386 427 497 522 0 0
26 52 116 139 199 242 282 333 355 387 428 498 523 0 0
27 53 117 140 200 243 283 334 356 388 429 499 524 0 0
28 54 118 141 201 244 284 335 357 389 430 500 525 0 0
29 55 119 142 202 245 285 336 358 390 431 501 526 0 0
30 56 120 143 203 246 286 295 359 391 432 502 527 0 0
31 57 121 144 204 247 287 296 360 392 433 503 528 0 0
32 58 122 145 205 248 288 297 361 393 434 504 529 0 0
33 59 123 146 206 249 289 298 362 394 435 463 530 0 0
34 60 124 147 207 250 290 299 363 395 436 464 531 0 0
35 61 125 148 208 251 291 300 364 396 437 465 532 0 0
30 73 85 135 202 233 270 299 364 407 441 490 529 570 0
31 74 86 136 203 234 271 300 365 408 442 491 530 571 0
32 75 87 137 204 235 272 301 366 409 443 492 531 572 0
33 76 88 138 205 236 273 302 367 410 444 493 532 573 0
34 77 89 139 206 237 274 303 368 411 445 494 533 574 0
35 78 90 140 207 238 275 304 369 412 446 495 534 575 0
36 79 91 141 208 239 276 305 370 413 447 496 535 576 0
37 80 92 142 209 240 277 306 371 414 448 497 536 577 0
38 81 93 143 210 241 278 307 372 415 449 498 537 578 0
39 82 94 144 169 242 279 308 373 416 450 499 538 579 0
40 83 95 145 170 243 280 309 374 417 451 500 539 580 0
41 84 96 146 171 244 281 310 375 418 452 501 540 581 0
42 43 97 147 172 245 282 311 376 419 453 502 541 582 0
1 44 98 148 173 246 283 312 377 420 454 503 542 583 0
2 45 99 149 174 247 284 313 378 379 455 504 543 584 0
3 46 100 150 175 248 285 314 337 380 456 463 544 585 0
4 47 101 151 176 249 286 315 338 381 457 464 545 586 0
5 48 102 152 177 250 287 316 339 382 458 465 546 587 0
6 49 103 153 178 251 288 317 340 383 459 466 505 588 0
7 50 104 154 179 252 289 318 341 384 460 467 506 547 0
8 51 105 155 180 211 290 319 342 385 461 468 507 548 0
9 52 106 156 181 212 291 320 343 386 462 469 508 549 0
10 53 107 157 182 213 292 321 344 387 421 470 509 550 0
11 54 108 158 183 214 293 322 345 388 422 471 510 551 0
12 55 109 159 184 215 294 323 346 389 423 472 511 552 0
13 56 110 160 185 216 253 324 347 390 424 473 512 553 0
14 57 111 161 186 217 254 325 348 391 425 474 513 554 0
15 58 112 162 187 218 255 326 349 392 426 475 514 555 0
16 59 113 163 188 219 256 327 350 393 427 476 515 556 0
17 60 114 164 189 220 257 328 351 394 428 477 516 557 0
18 61 115 165 190 221 258 329 352 395 429 478 517 558 0
19 62 116 166 191 222 259 330 353 396 430 479 518 559 0
20 63 117 167 192 223 260 331 354 397 431 480 519 560 0
21 64 118 168 193 224 261 332 355 398 432 481 520 561 0
22 65 119 127 194 225 262 333 356 399 433 482 521 562 0
23 66 120 128 195 226 263 334 357 400 434 483 522 563 0
24 67 121 129 196 227 264 335 358 401 435 484 523 564 0
25 68 122 130 197 228 265 336 359 402 436 485 524 565 0
26 69 123 131 198 229 266 295 360 403 437 486 525 566 0
27 70 124 132 199 230 267 296 361 404 438 487 526 567 0
28 71 125 133 200 231 268 297 362 405 439 488 527 568 0
29 72 126 134 201 232 269 298 363 406 440 489 528 569 0
38 74 103 150 180 232 259 315 369 388 433 492 547 602 0
39 75 104 151 181 233 260 316 370 389 434 493 548 603 0
40 76 105 152 182 234 261 317 371 390 435 494 549 604 0
41 77 106 153 183 235 262 318 372 391 436 495 550 605 0
42 78 107 154 184 236 263 319 373 392 437 496 551 606 0
1 79 108 155 185 237 264 320 374 393 438 497 552 607 0
2 80 109 156 186 238 265 321 375 394 439 498 553 608 0
3 81 110 157 187 239 266 322 376 395 440 499 554 609 0
4 82 111 158 188 240 267 323 377 396 441 500 555 610 0
5 83 112 159 189 241 268 324 378 397 442 501 556 611 0
6 84 113 160 190 242 269 325 337 398 443 502 557 612 0
7 43 114 161 191 243 270 326 338 399 444 503 558 613 0
8 44 115 162 192 244 271 327 339 400 445 504 559 614 0
9 45 116 163 193 245 272 328 340 401 446 463 560 615 0
10 46 117 164 194 246 273 329 341 402 447 464 561 616 0
11 47 118 165 195 247 274 330 342 403 448 465 562 617 0
12 48 119 166 196 248 275 331 343 404 449 466 563 618 0
13 49 120 167 197 249 276 332 344 405 450 467 564 619 0
14 50 121 168 198 250 277 333 345 406 451 468 565 620 0
15 51 122 127 199 251 278 334 346 407 452 469 566 621 0
16 52 123 128 200 252 279 335 347 408 453 470 567 622 0
17 53 124 129 201 211 280 336 348 409 454 471 568 623 0
18 54 125 130 202 212 281 295 349 410 455 472 569 624 0
19 55 126 131 203 213 282 296 350 411 456 473 570 625 0
20 56 85 132 204 214 283 297 351 412 457 474 571 626 0
21 57 86 133 205 215 284 298 352 413 458 475 572 627 0
22 58 87 134 206 216 285 299 353 414 459 476 573 628 0
23 59 88 135 207 217 286 300 354 415 460 477 574 629 0
24 60 89 136 208 218 287 301 355 416 461 478 575 630 0
25 61 90 137 209 219 288 302 356 417 462 479 576 589 0
26 62 91 138 210 220 289 303 357 418 421 480 577 590 0
27 63 92 139 169 221 290 304 358 419 422 481 578 591 0
28 64 93 140 170 222 291 305 359 420 423 482 579 592 0
29 65 94 141 171 223 292 306 360 379 424 483 580 593 0
30 66 95 142 172 224 293 307 361 380 425 484 581 594 0
31 67 96 143 173 225 294 308 362 381 426 485 582 595 0
32 68 97 144 174 226 253 309 363 382 427 486 583 596 0
33 69 98 145 175 227 254 310 364 383 428 487 584 597 0
34 70 99 146 176 228 255 311 365 384 429 488 585 598 0
35 71 100 147 177 229 256 312 366 385 430 489 586 599 0
36 72 101 148 178 230 257 313 367 386 431 490 587 600 0
37 73 102 149 179 231 258 314 368 387 432 491 588 601 0
26 65 89 161 200 214 267 310 341 435 481 518 560 611 655
27 66 90 162 201 215 268 311 342 436 482 519 561 612 656
28 67 91 163 202 216 269 312 343 437 483 520 562 613 657
29 68 92 164 203 217 270 313 344 438 484 521 563 614 658
30 69 93 165 204 218 271 314 345 439 485 522 564 615 659
31 70 94 166 205 219 272 315 346 440 486 523 565 616 660
32 71 95 167 206 220 273 316 347 441 487 524 566 617 661
33 72 96 168 207 221 274 317 348 442 488 525 567 618 662
34 73 97 127 208 222 275 318 349 443 489 526 568 619 663
35 74 98 128 209 223 276 319 350 444 490 527 569 620 664
36 75 99 129 210 224 277 320 351 445 491 528 570 621 665
37 76 100 130 169 225 278 321 352 446 492 529 571 622 666
38 77 101 131 170 226 279 322 353 447 493 530 572 623 667
39 78 102 132 171 227 280 323 354 448 494 531 573 624 668
40 79 103 133 172 228 281 324 355 449 495 532 574 625 669
41 80 104 134 173 229 282 325 356 450 496 533 575 626 670
42 81 105 135 174 230 283 326 357 451 497 534 576 627 671
1 82 106 136 175 231 284 327 358 452 498 535 577 628 672
2 83 107 137 176 232 285 328 359 453 499 536 578 629 631
3 84 108 138 177 233 286 329 360 454 500 537 579 630 632
4 43 109 139 178 234 287 330 361 455 501 538 580 589 633
5 44 110 140 179 235 288 331 362 456 502 539 581 590 634
6 45 111 141 180 236 289 332 363 457 503 540 582 591 635
7 46 112 142 181 237 290 333 364 458 504 541 583 592 636
8 47 113 143 182 238 291 334 365 459 463 542 584 593 637
9 48 114 144 183 239 292 335 366 460 464 543 585 594 638
10 49 115 145 184 240 293 336 367 461 465 544 586 595 639
11 50 116 146 185 241 294 295 368 462 466 545 587 596 640
12 51 117 147 186 242 253 296 369 421 467 546 588 597 641
13 52 118 148 187 243 254 297 370 422 468 505 547 598 642
14 53 119 149 188 244 255 298 371 423 469 506 548 599 643
15 54 120 150 189 245 256 299 372 424 470 507 549 600 644
16 55 121 151 190 246 257 300 373 425 471 508 550 601 645
17 56 122 152 191 247 258 301 374 426 472 509 551 602 646
18 57 123 153 192 248 259 302 375 427 473 510 552 603 647
19 58 124 154 193 249 260 303 376 428 474 511 553 604 648
20 59 125 155 194 250 261 304 377 429 475 512 554 605 649
21 60 126 156 195 251 262 305 378 430 476 513 555 606 650
22 61 85 157 196 252 263 306 337 431 477 514 556 607 651
23 62 86 158 197 211 264 307 338 432 478 515 557 608 652
24 63 87 159 198 212 265 308 339 433 479 516 558 609 653
25 64 88 160 199 213 266 309 340 434 480 517 559 610 654
