480 80
4 20
3 3 3 3 3 3 3 3 3 3 3 3 3 3 3 3 3 3 3 3 3 3 3 3 3 3 3 3 3 3 3 3 3 3 3 3 3 3 3 3 3 3 3 3 3 3 3 3 3 3 3 3 3 3 3 3 3 3 3 3 3 3 3 3 3 3 3 3 3 3 3 3 3 3 3 3 3 3 3 3 3 3 3 3 3 3 3 3 3 3 3 3 3 3 3 3 3 3 3 3 3 3 3 3 3 3 3 3 3 3 3 3 3 3 3 3 3 3 3 3 3 3 3 3 3 3 3 3 3 3 3 3 3 3 3 3 3 3 3 3 3 3 3 3 3 3 3 3 3 3 3 3 3 3 3 3 3 3 3 3 4 4 4 4 4 4 4 4 4 4 4 4 4 4 4 4 4 4 4 4 3 3 3 3 3 3 3 3 3 3 3 3 3 3 3 3 3 3 3 3 4 4 4 4 4 4 4 4 4 4 4 4 4 4 4 4 4 4 4 4 4 4 4 4 4 4 4 4 4 4 4 4 4 4 4 4 4 4 4 4 4 4 4 4 4 4 4 4 4 4 4 4 4 4 4 4 4 4 4 4 4 4 4 4 4 4 4 4 4 4 4 4 4 4 4 4 4 4 4 4 4 4 4 4 4 4 4 4 4 4 4 4 4 4 4 4 4 4 4 4 4 4 4 4 4 4 4 4 4 4 4 4 4 4 4 4 4 4 4 4 4 4 4 4 4 4 4 4 4 4 4 4 4 4 4 4 4 4 4 4 4 4 4 4 4 4 4 4 4 4 4 4 4 4 4 4 4 4 4 4 4 4 4 4 4 4 4 4 4 4 4 4 4 4 4 4 4 4 4 4 4 4 4 4 4 4 4 4 4 4 4 4 4 4 4 4 4 4 4 4 3 3 3 3 3 3 3 3 3 3 3 3 3 3 3 3 3 3 3 3 2 2 2 2 2 2 2 2 2 2 2 2 2 2 2 2 2 2 2 2 2 2 2 2 2 2 2 2 2 2 2 2 2 2 2 2 2 2 2 2 2 2 2 2 2 2 2 2 2 2 2 2 2 2 2 2 2 2 2 2 
20 20 20 20 20 20 20 20 20 20 20 20 20 20 20 20 20 20 20 20 20 20 20 20 20 20 20 20 20 20 20 20 20 20 20 20 20 20 20 20 20 20 20 20 20 20 20 20 20 20 20 20 20 20 20 20 20 20 20 20 20 20 20 20 20 20 20 20 20 20 20 20 20 20 20 20 20 20 20 20 
1 48 66 0 
2 49 67 0 
3 50 68 0 
4 51 69 0 
5 52 70 0 
6 53 71 0 
7 54 72 0 
8 55 73 0 
9 56 74 0 
10 57 75 0 
11 58 76 0 
12 59 77 0 
13 60 78 0 
14 41 79 0 
15 42 80 0 
16 43 61 0 
17 44 62 0 
18 45 63 0 
19 46 64 0 
20 47 65 0 
1 38 53 0 
2 39 54 0 
3 40 55 0 
4 21 56 0 
5 22 57 0 
6 23 58 0 
7 24 59 0 
8 25 60 0 
9 26 41 0 
10 27 42 0 
11 28 43 0 
12 29 44 0 
13 30 45 0 
14 31 46 0 
15 32 47 0 
16 33 48 0 
17 34 49 0 
18 35 50 0 
19 36 51 0 
20 37 52 0 
1 50 72 0 
2 51 73 0 
3 52 74 0 
4 53 75 0 
5 54 76 0 
6 55 77 0 
7 56 78 0 
8 57 79 0 
9 58 80 0 
10 59 61 0 
11 60 62 0 
12 41 63 0 
13 42 64 0 
14 43 65 0 
15 44 66 0 
16 45 67 0 
17 46 68 0 
18 47 69 0 
19 48 70 0 
20 49 71 0 
21 60 63 0 
22 41 64 0 
23 42 65 0 
24 43 66 0 
25 44 67 0 
26 45 68 0 
27 46 69 0 
28 47 70 0 
29 48 71 0 
30 49 72 0 
31 50 73 0 
32 51 74 0 
33 52 75 0 
34 53 76 0 
35 54 77 0 
36 55 78 0 
37 56 79 0 
38 57 80 0 
39 58 61 0 
40 59 62 0 
1 21 45 0 
2 22 46 0 
3 23 47 0 
4 24 48 0 
5 25 49 0 
6 26 50 0 
7 27 51 0 
8 28 52 0 
9 29 53 0 
10 30 54 0 
11 31 55 0 
12 32 56 0 
13 33 57 0 
14 34 58 0 
15 35 59 0 
16 36 60 0 
17 37 41 0 
18 38 42 0 
19 39 43 0 
20 40 44 0 
1 36 79 0 
2 37 80 0 
3 38 61 0 
4 39 62 0 
5 40 63 0 
6 21 64 0 
7 22 65 0 
8 23 66 0 
9 24 67 0 
10 25 68 0 
11 26 69 0 
12 27 70 0 
13 28 71 0 
14 29 72 0 
15 30 73 0 
16 31 74 0 
17 32 75 0 
18 33 76 0 
19 34 77 0 
20 35 78 0 
21 57 74 0 
22 58 75 0 
23 59 76 0 
24 60 77 0 
25 41 78 0 
26 42 79 0 
27 43 80 0 
28 44 61 0 
29 45 62 0 
30 46 63 0 
31 47 64 0 
32 48 65 0 
33 49 66 0 
34 50 67 0 
35 51 68 0 
36 52 69 0 
37 53 70 0 
38 54 71 0 
39 55 72 0 
40 56 73 0 
1 28 77 0 
2 29 78 0 
3 30 79 0 
4 31 80 0 
5 32 61 0 
6 33 62 0 
7 34 63 0 
8 35 64 0 
9 36 65 0 
10 37 66 0 
11 38 67 0 
12 39 68 0 
13 40 69 0 
14 21 70 0 
15 22 71 0 
16 23 72 0 
17 24 73 0 
18 25 74 0 
19 26 75 0 
20 27 76 0 
1 32 41 68 
2 33 42 69 
3 34 43 70 
4 35 44 71 
5 36 45 72 
6 37 46 73 
7 38 47 74 
8 39 48 75 
9 40 49 76 
10 21 50 77 
11 22 51 78 
12 23 52 79 
13 24 53 80 
14 25 54 61 
15 26 55 62 
16 27 56 63 
17 28 57 64 
18 29 58 65 
19 30 59 66 
20 31 60 67 
1 58 74 0 
2 59 75 0 
3 60 76 0 
4 41 77 0 
5 42 78 0 
6 43 79 0 
7 44 80 0 
8 45 61 0 
9 46 62 0 
10 47 63 0 
11 48 64 0 
12 49 65 0 
13 50 66 0 
14 51 67 0 
15 52 68 0 
16 53 69 0 
17 54 70 0 
18 55 71 0 
19 56 72 0 
20 57 73 0 
1 23 43 75 
2 24 44 76 
3 25 45 77 
4 26 46 78 
5 27 47 79 
6 28 48 80 
7 29 49 61 
8 30 50 62 
9 31 51 63 
10 32 52 64 
11 33 53 65 
12 34 54 66 
13 35 55 67 
14 36 56 68 
15 37 57 69 
16 38 58 70 
17 39 59 71 
18 40 60 72 
19 21 41 73 
20 22 42 74 
1 24 57 65 
2 25 58 66 
3 26 59 67 
4 27 60 68 
5 28 41 69 
6 29 42 70 
7 30 43 71 
8 31 44 72 
9 32 45 73 
10 33 46 74 
11 34 47 75 
12 35 48 76 
13 36 49 77 
14 37 50 78 
15 38 51 79 
16 39 52 80 
17 40 53 61 
18 21 54 62 
19 22 55 63 
20 23 56 64 
1 33 56 61 
2 34 57 62 
3 35 58 63 
4 36 59 64 
5 37 60 65 
6 38 41 66 
7 39 42 67 
8 40 43 68 
9 21 44 69 
10 22 45 70 
11 23 46 71 
12 24 47 72 
13 25 48 73 
14 26 49 74 
15 27 50 75 
16 28 51 76 
17 29 52 77 
18 30 53 78 
19 31 54 79 
20 32 55 80 
1 34 55 69 
2 35 56 70 
3 36 57 71 
4 37 58 72 
5 38 59 73 
6 39 60 74 
7 40 41 75 
8 21 42 76 
9 22 43 77 
10 23 44 78 
11 24 45 79 
12 25 46 80 
13 26 47 61 
14 27 48 62 
15 28 49 63 
16 29 50 64 
17 30 51 65 
18 31 52 66 
19 32 53 67 
20 33 54 68 
1 37 54 67 
2 38 55 68 
3 39 56 69 
4 40 57 70 
5 21 58 71 
6 22 59 72 
7 23 60 73 
8 24 41 74 
9 25 42 75 
10 26 43 76 
11 27 44 77 
12 28 45 78 
13 29 46 79 
14 30 47 80 
15 31 48 61 
16 32 49 62 
17 33 50 63 
18 34 51 64 
19 35 52 65 
20 36 53 66 
1 40 46 65 
2 21 47 66 
3 22 48 67 
4 23 49 68 
5 24 50 69 
6 25 51 70 
7 26 52 71 
8 27 53 72 
9 28 54 73 
10 29 55 74 
11 30 56 75 
12 31 57 76 
13 32 58 77 
14 33 59 78 
15 34 60 79 
16 35 41 80 
17 36 42 61 
18 37 43 62 
19 38 44 63 
20 39 45 64 
1 22 49 80 
2 23 50 61 
3 24 51 62 
4 25 52 63 
5 26 53 64 
6 27 54 65 
7 28 55 66 
8 29 56 67 
9 30 57 68 
10 31 58 69 
11 32 59 70 
12 33 60 71 
13 34 41 72 
14 35 42 73 
15 36 43 74 
16 37 44 75 
17 38 45 76 
18 39 46 77 
19 40 47 78 
20 21 48 79 
1 26 44 70 
2 27 45 71 
3 28 46 72 
4 29 47 73 
5 30 48 74 
6 31 49 75 
7 32 50 76 
8 33 51 77 
9 34 52 78 
10 35 53 79 
11 36 54 80 
12 37 55 61 
13 38 56 62 
14 39 57 63 
15 40 58 64 
16 21 59 65 
17 22 60 66 
18 23 41 67 
19 24 42 68 
20 25 43 69 
1 31 42 71 
2 32 43 72 
3 33 44 73 
4 34 45 74 
5 35 46 75 
6 36 47 76 
7 37 48 77 
8 38 49 78 
9 39 50 79 
10 40 51 80 
11 21 52 61 
12 22 53 62 
13 23 54 63 
14 24 55 64 
15 25 56 65 
16 26 57 66 
17 27 58 67 
18 28 59 68 
19 29 60 69 
20 30 41 70 
1 35 60 62 
2 36 41 63 
3 37 42 64 
4 38 43 65 
5 39 44 66 
6 40 45 67 
7 21 46 68 
8 22 47 69 
9 23 48 70 
10 24 49 71 
11 25 50 72 
12 26 51 73 
13 27 52 74 
14 28 53 75 
15 29 54 76 
16 30 55 77 
17 31 56 78 
18 32 57 79 
19 33 58 80 
20 34 59 61 
1 39 73 0 
2 40 74 0 
3 21 75 0 
4 22 76 0 
5 23 77 0 
6 24 78 0 
7 25 79 0 
8 26 80 0 
9 27 61 0 
10 28 62 0 
11 29 63 0 
12 30 64 0 
13 31 65 0 
14 32 66 0 
15 33 67 0 
16 34 68 0 
17 35 69 0 
18 36 70 0 
19 37 71 0 
20 38 72 0 
1 27 0 0 
2 28 0 0 
3 29 0 0 
4 30 0 0 
5 31 0 0 
6 32 0 0 
7 33 0 0 
8 34 0 0 
9 35 0 0 
10 36 0 0 
11 37 0 0 
12 38 0 0 
13 39 0 0 
14 40 0 0 
15 21 0 0 
16 22 0 0 
17 23 0 0 
18 24 0 0 
19 25 0 0 
20 26 0 0 
21 49 0 0 
22 50 0 0 
23 51 0 0 
24 52 0 0 
25 53 0 0 
26 54 0 0 
27 55 0 0 
28 56 0 0 
29 57 0 0 
30 58 0 0 
31 59 0 0 
32 60 0 0 
33 41 0 0 
34 42 0 0 
35 43 0 0 
36 44 0 0 
37 45 0 0 
38 46 0 0 
39 47 0 0 
40 48 0 0 
41 61 0 0 
42 62 0 0 
43 63 0 0 
44 64 0 0 
45 65 0 0 
46 66 0 0 
47 67 0 0 
48 68 0 0 
49 69 0 0 
50 70 0 0 
51 71 0 0 
52 72 0 0 
53 73 0 0 
54 74 0 0 
55 75 0 0 
56 76 0 0 
57 77 0 0 
58 78 0 0 
59 79 0 0 
60 80 0 0 
421 1 81 101 141 181 401 41 21 161 201 221 241 261 281 301 321 341 361 381 
422 2 82 102 142 182 402 42 22 162 202 222 242 262 282 302 322 342 362 382 
423 3 83 103 143 183 403 43 23 163 203 223 243 263 283 303 323 343 363 383 
424 4 84 104 144 184 404 44 24 164 204 224 244 264 284 304 324 344 364 384 
425 5 85 105 145 185 405 45 25 165 205 225 245 265 285 305 325 345 365 385 
426 6 86 106 146 186 406 46 26 166 206 226 246 266 286 306 326 346 366 386 
427 7 87 107 147 187 407 47 27 167 207 227 247 267 287 307 327 347 367 387 
428 8 88 108 148 188 408 48 28 168 208 228 248 268 288 308 328 348 368 388 
429 9 89 109 149 189 409 49 29 169 209 229 249 269 289 309 329 349 369 389 
430 10 90 110 150 190 410 50 30 170 210 230 250 270 290 310 330 350 370 390 
431 11 91 111 151 191 411 51 31 171 211 231 251 271 291 311 331 351 371 391 
432 12 92 112 152 192 412 52 32 172 212 232 252 272 292 312 332 352 372 392 
433 13 93 113 153 193 413 53 33 173 213 233 253 273 293 313 333 353 373 393 
434 14 94 114 154 194 414 54 34 174 214 234 254 274 294 314 334 354 374 394 
435 15 95 115 155 195 415 55 35 175 215 235 255 275 295 315 335 355 375 395 
436 16 96 116 156 196 416 56 36 176 216 236 256 276 296 316 336 356 376 396 
437 17 97 117 157 197 417 57 37 177 217 237 257 277 297 317 337 357 377 397 
438 18 98 118 158 198 418 58 38 178 218 238 258 278 298 318 338 358 378 398 
439 19 99 119 159 199 419 59 39 179 219 239 259 279 299 319 339 359 379 399 
440 20 100 120 160 200 420 60 40 180 220 240 260 280 300 320 340 360 380 400 
441 435 81 106 121 154 403 61 24 170 219 238 249 268 285 302 340 356 371 387 
442 436 82 107 122 155 404 62 25 171 220 239 250 269 286 303 321 357 372 388 
443 437 83 108 123 156 405 63 26 172 201 240 251 270 287 304 322 358 373 389 
444 438 84 109 124 157 406 64 27 173 202 221 252 271 288 305 323 359 374 390 
445 439 85 110 125 158 407 65 28 174 203 222 253 272 289 306 324 360 375 391 
446 440 86 111 126 159 408 66 29 175 204 223 254 273 290 307 325 341 376 392 
447 421 87 112 127 160 409 67 30 176 205 224 255 274 291 308 326 342 377 393 
448 422 88 113 128 141 410 68 31 177 206 225 256 275 292 309 327 343 378 394 
449 423 89 114 129 142 411 69 32 178 207 226 257 276 293 310 328 344 379 395 
450 424 90 115 130 143 412 70 33 179 208 227 258 277 294 311 329 345 380 396 
451 425 91 116 131 144 413 71 34 180 209 228 259 278 295 312 330 346 361 397 
452 426 92 117 132 145 414 72 35 161 210 229 260 279 296 313 331 347 362 398 
453 427 93 118 133 146 415 73 36 162 211 230 241 280 297 314 332 348 363 399 
454 428 94 119 134 147 416 74 37 163 212 231 242 261 298 315 333 349 364 400 
455 429 95 120 135 148 417 75 38 164 213 232 243 262 299 316 334 350 365 381 
456 430 96 101 136 149 418 76 39 165 214 233 244 263 300 317 335 351 366 382 
457 431 97 102 137 150 419 77 40 166 215 234 245 264 281 318 336 352 367 383 
458 432 98 103 138 151 420 78 21 167 216 235 246 265 282 319 337 353 368 384 
459 433 99 104 139 152 401 79 22 168 217 236 247 266 283 320 338 354 369 385 
460 434 100 105 140 153 402 80 23 169 218 237 248 267 284 301 339 355 370 386 
461 453 14 97 125 184 62 52 29 161 219 225 246 267 288 316 333 358 380 382 
462 454 15 98 126 185 63 53 30 162 220 226 247 268 289 317 334 359 361 383 
463 455 16 99 127 186 64 54 31 163 201 227 248 269 290 318 335 360 362 384 
464 456 17 100 128 187 65 55 32 164 202 228 249 270 291 319 336 341 363 385 
465 457 18 81 129 188 66 56 33 165 203 229 250 271 292 320 337 342 364 386 
466 458 19 82 130 189 67 57 34 166 204 230 251 272 293 301 338 343 365 387 
467 459 20 83 131 190 68 58 35 167 205 231 252 273 294 302 339 344 366 388 
468 460 1 84 132 191 69 59 36 168 206 232 253 274 295 303 340 345 367 389 
469 441 2 85 133 192 70 60 37 169 207 233 254 275 296 304 321 346 368 390 
470 442 3 86 134 193 71 41 38 170 208 234 255 276 297 305 322 347 369 391 
471 443 4 87 135 194 72 42 39 171 209 235 256 277 298 306 323 348 370 392 
472 444 5 88 136 195 73 43 40 172 210 236 257 278 299 307 324 349 371 393 
473 445 6 89 137 196 74 44 21 173 211 237 258 279 300 308 325 350 372 394 
474 446 7 90 138 197 75 45 22 174 212 238 259 280 281 309 326 351 373 395 
475 447 8 91 139 198 76 46 23 175 213 239 260 261 282 310 327 352 374 396 
476 448 9 92 140 199 77 47 24 176 214 240 241 262 283 311 328 353 375 397 
477 449 10 93 121 200 78 48 25 177 215 221 242 263 284 312 329 354 376 398 
478 450 11 94 122 181 79 49 26 178 216 222 243 264 285 313 330 355 377 399 
479 451 12 95 123 182 80 50 27 179 217 223 244 265 286 314 331 356 378 400 
480 452 13 96 124 183 61 51 28 180 218 224 245 266 287 315 332 357 379 381 
461 16 103 128 145 188 409 79 50 174 207 237 241 273 295 317 322 352 371 400 
462 17 104 129 146 189 410 80 51 175 208 238 242 274 296 318 323 353 372 381 
463 18 105 130 147 190 411 61 52 176 209 239 243 275 297 319 324 354 373 382 
464 19 106 131 148 191 412 62 53 177 210 240 244 276 298 320 325 355 374 383 
465 20 107 132 149 192 413 63 54 178 211 221 245 277 299 301 326 356 375 384 
466 1 108 133 150 193 414 64 55 179 212 222 246 278 300 302 327 357 376 385 
467 2 109 134 151 194 415 65 56 180 213 223 247 279 281 303 328 358 377 386 
468 3 110 135 152 195 416 66 57 161 214 224 248 280 282 304 329 359 378 387 
469 4 111 136 153 196 417 67 58 162 215 225 249 261 283 305 330 360 379 388 
470 5 112 137 154 197 418 68 59 163 216 226 250 262 284 306 331 341 380 389 
471 6 113 138 155 198 419 69 60 164 217 227 251 263 285 307 332 342 361 390 
472 7 114 139 156 199 420 70 41 165 218 228 252 264 286 308 333 343 362 391 
473 8 115 140 157 200 401 71 42 166 219 229 253 265 287 309 334 344 363 392 
474 9 116 121 158 181 402 72 43 167 220 230 254 266 288 310 335 345 364 393 
475 10 117 122 159 182 403 73 44 168 201 231 255 267 289 311 336 346 365 394 
476 11 118 123 160 183 404 74 45 169 202 232 256 268 290 312 337 347 366 395 
477 12 119 124 141 184 405 75 46 170 203 233 257 269 291 313 338 348 367 396 
478 13 120 125 142 185 406 76 47 171 204 234 258 270 292 314 339 349 368 397 
479 14 101 126 143 186 407 77 48 172 205 235 259 271 293 315 340 350 369 398 
480 15 102 127 144 187 408 78 49 173 206 236 260 272 294 316 321 351 370 399 
