480 240
6 7
3 3 3 3 3 3 3 3 3 3 3 3 3 3 3 3 3 3 3 3 3 3 3 3 3 3 3 3 3 3 3 3 3 3 3 3 3 3 3 3 6 6 6 6 6 6 6 6 6 6 6 6 6 6 6 6 6 6 6 6 3 3 3 3 3 3 3 3 3 3 3 3 3 3 3 3 3 3 3 3 3 3 3 3 3 3 3 3 3 3 3 3 3 3 3 3 3 3 3 3 6 6 6 6 6 6 6 6 6 6 6 6 6 6 6 6 6 6 6 6 3 3 3 3 3 3 3 3 3 3 3 3 3 3 3 3 3 3 3 3 6 6 6 6 6 6 6 6 6 6 6 6 6 6 6 6 6 6 6 6 3 3 3 3 3 3 3 3 3 3 3 3 3 3 3 3 3 3 3 3 6 6 6 6 6 6 6 6 6 6 6 6 6 6 6 6 6 6 6 6 3 3 3 3 3 3 3 3 3 3 3 3 3 3 3 3 3 3 3 3 6 6 6 6 6 6 6 6 6 6 6 6 6 6 6 6 6 6 6 6 3 3 3 3 3 3 3 3 3 3 3 3 3 3 3 3 3 3 3 3 2 2 2 2 2 2 2 2 2 2 2 2 2 2 2 2 2 2 2 2 2 2 2 2 2 2 2 2 2 2 2 2 2 2 2 2 2 2 2 2 2 2 2 2 2 2 2 2 2 2 2 2 2 2 2 2 2 2 2 2 2 2 2 2 2 2 2 2 2 2 2 2 2 2 2 2 2 2 2 2 2 2 2 2 2 2 2 2 2 2 2 2 2 2 2 2 2 2 2 2 2 2 2 2 2 2 2 2 2 2 2 2 2 2 2 2 2 2 2 2 2 2 2 2 2 2 2 2 2 2 2 2 2 2 2 2 2 2 2 2 2 2 2 2 2 2 2 2 2 2 2 2 2 2 2 2 2 2 2 2 2 2 2 2 2 2 2 2 2 2 2 2 2 2 2 2 2 2 2 2 2 2 2 2 2 2 2 2 2 2 2 2 2 2 2 2 2 2 2 2 2 2 2 2 2 2 2 2 2 2 2 2 2 2 2 2 2 2 2 2 
6 6 6 6 6 6 6 6 6 6 6 6 6 6 6 6 6 6 6 6 7 7 7 7 7 7 7 7 7 7 7 7 7 7 7 7 7 7 7 7 7 7 7 7 7 7 7 7 7 7 7 7 7 7 7 7 7 7 7 7 6 6 6 6 6 6 6 6 6 6 6 6 6 6 6 6 6 6 6 6 6 6 6 6 6 6 6 6 6 6 6 6 6 6 6 6 6 6 6 6 7 7 7 7 7 7 7 7 7 7 7 7 7 7 7 7 7 7 7 7 6 6 6 6 6 6 6 6 6 6 6 6 6 6 6 6 6 6 6 6 6 6 6 6 6 6 6 6 6 6 6 6 6 6 6 6 6 6 6 6 7 7 7 7 7 7 7 7 7 7 7 7 7 7 7 7 7 7 7 7 6 6 6 6 6 6 6 6 6 6 6 6 6 6 6 6 6 6 6 6 6 6 6 6 6 6 6 6 6 6 6 6 6 6 6 6 6 6 6 6 6 6 6 6 6 6 6 6 6 6 6 6 6 6 6 6 6 6 6 6 
69 179 233 0 0 0 
70 180 234 0 0 0 
71 161 235 0 0 0 
72 162 236 0 0 0 
73 163 237 0 0 0 
74 164 238 0 0 0 
75 165 239 0 0 0 
76 166 240 0 0 0 
77 167 221 0 0 0 
78 168 222 0 0 0 
79 169 223 0 0 0 
80 170 224 0 0 0 
61 171 225 0 0 0 
62 172 226 0 0 0 
63 173 227 0 0 0 
64 174 228 0 0 0 
65 175 229 0 0 0 
66 176 230 0 0 0 
67 177 231 0 0 0 
68 178 232 0 0 0 
2 36 159 0 0 0 
3 37 160 0 0 0 
4 38 141 0 0 0 
5 39 142 0 0 0 
6 40 143 0 0 0 
7 21 144 0 0 0 
8 22 145 0 0 0 
9 23 146 0 0 0 
10 24 147 0 0 0 
11 25 148 0 0 0 
12 26 149 0 0 0 
13 27 150 0 0 0 
14 28 151 0 0 0 
15 29 152 0 0 0 
16 30 153 0 0 0 
17 31 154 0 0 0 
18 32 155 0 0 0 
19 33 156 0 0 0 
20 34 157 0 0 0 
1 35 158 0 0 0 
6 72 93 122 146 220 
7 73 94 123 147 201 
8 74 95 124 148 202 
9 75 96 125 149 203 
10 76 97 126 150 204 
11 77 98 127 151 205 
12 78 99 128 152 206 
13 79 100 129 153 207 
14 80 81 130 154 208 
15 61 82 131 155 209 
16 62 83 132 156 210 
17 63 84 133 157 211 
18 64 85 134 158 212 
19 65 86 135 159 213 
20 66 87 136 160 214 
1 67 88 137 141 215 
2 68 89 138 142 216 
3 69 90 139 143 217 
4 70 91 140 144 218 
5 71 92 121 145 219 
56 130 208 0 0 0 
57 131 209 0 0 0 
58 132 210 0 0 0 
59 133 211 0 0 0 
60 134 212 0 0 0 
41 135 213 0 0 0 
42 136 214 0 0 0 
43 137 215 0 0 0 
44 138 216 0 0 0 
45 139 217 0 0 0 
46 140 218 0 0 0 
47 121 219 0 0 0 
48 122 220 0 0 0 
49 123 201 0 0 0 
50 124 202 0 0 0 
51 125 203 0 0 0 
52 126 204 0 0 0 
53 127 205 0 0 0 
54 128 206 0 0 0 
55 129 207 0 0 0 
57 112 164 0 0 0 
58 113 165 0 0 0 
59 114 166 0 0 0 
60 115 167 0 0 0 
41 116 168 0 0 0 
42 117 169 0 0 0 
43 118 170 0 0 0 
44 119 171 0 0 0 
45 120 172 0 0 0 
46 101 173 0 0 0 
47 102 174 0 0 0 
48 103 175 0 0 0 
49 104 176 0 0 0 
50 105 177 0 0 0 
51 106 178 0 0 0 
52 107 179 0 0 0 
53 108 180 0 0 0 
54 109 161 0 0 0 
55 110 162 0 0 0 
56 111 163 0 0 0 
37 45 113 176 182 228 
38 46 114 177 183 229 
39 47 115 178 184 230 
40 48 116 179 185 231 
21 49 117 180 186 232 
22 50 118 161 187 233 
23 51 119 162 188 234 
24 52 120 163 189 235 
25 53 101 164 190 236 
26 54 102 165 191 237 
27 55 103 166 192 238 
28 56 104 167 193 239 
29 57 105 168 194 240 
30 58 106 169 195 221 
31 59 107 170 196 222 
32 60 108 171 197 223 
33 41 109 172 198 224 
34 42 110 173 199 225 
35 43 111 174 200 226 
36 44 112 175 181 227 
25 84 141 0 0 0 
26 85 142 0 0 0 
27 86 143 0 0 0 
28 87 144 0 0 0 
29 88 145 0 0 0 
30 89 146 0 0 0 
31 90 147 0 0 0 
32 91 148 0 0 0 
33 92 149 0 0 0 
34 93 150 0 0 0 
35 94 151 0 0 0 
36 95 152 0 0 0 
37 96 153 0 0 0 
38 97 154 0 0 0 
39 98 155 0 0 0 
40 99 156 0 0 0 
21 100 157 0 0 0 
22 81 158 0 0 0 
23 82 159 0 0 0 
24 83 160 0 0 0 
40 55 104 173 189 233 
21 56 105 174 190 234 
22 57 106 175 191 235 
23 58 107 176 192 236 
24 59 108 177 193 237 
25 60 109 178 194 238 
26 41 110 179 195 239 
27 42 111 180 196 240 
28 43 112 161 197 221 
29 44 113 162 198 222 
30 45 114 163 199 223 
31 46 115 164 200 224 
32 47 116 165 181 225 
33 48 117 166 182 226 
34 49 118 167 183 227 
35 50 119 168 184 228 
36 51 120 169 185 229 
37 52 101 170 186 230 
38 53 102 171 187 231 
39 54 103 172 188 232 
10 68 213 0 0 0 
11 69 214 0 0 0 
12 70 215 0 0 0 
13 71 216 0 0 0 
14 72 217 0 0 0 
15 73 218 0 0 0 
16 74 219 0 0 0 
17 75 220 0 0 0 
18 76 201 0 0 0 
19 77 202 0 0 0 
20 78 203 0 0 0 
1 79 204 0 0 0 
2 80 205 0 0 0 
3 61 206 0 0 0 
4 62 207 0 0 0 
5 63 208 0 0 0 
6 64 209 0 0 0 
7 65 210 0 0 0 
8 66 211 0 0 0 
9 67 212 0 0 0 
4 76 93 139 152 211 
5 77 94 140 153 212 
6 78 95 121 154 213 
7 79 96 122 155 214 
8 80 97 123 156 215 
9 61 98 124 157 216 
10 62 99 125 158 217 
11 63 100 126 159 218 
12 64 81 127 160 219 
13 65 82 128 141 220 
14 66 83 129 142 201 
15 67 84 130 143 202 
16 68 85 131 144 203 
17 69 86 132 145 204 
18 70 87 133 146 205 
19 71 88 134 147 206 
20 72 89 135 148 207 
1 73 90 136 149 208 
2 74 91 137 150 209 
3 75 92 138 151 210 
86 138 187 0 0 0 
87 139 188 0 0 0 
88 140 189 0 0 0 
89 121 190 0 0 0 
90 122 191 0 0 0 
91 123 192 0 0 0 
92 124 193 0 0 0 
93 125 194 0 0 0 
94 126 195 0 0 0 
95 127 196 0 0 0 
96 128 197 0 0 0 
97 129 198 0 0 0 
98 130 199 0 0 0 
99 131 200 0 0 0 
100 132 181 0 0 0 
81 133 182 0 0 0 
82 134 183 0 0 0 
83 135 184 0 0 0 
84 136 185 0 0 0 
85 137 186 0 0 0 
39 41 105 171 186 236 
40 42 106 172 187 237 
21 43 107 173 188 238 
22 44 108 174 189 239 
23 45 109 175 190 240 
24 46 110 176 191 221 
25 47 111 177 192 222 
26 48 112 178 193 223 
27 49 113 179 194 224 
28 50 114 180 195 225 
29 51 115 161 196 226 
30 52 116 162 197 227 
31 53 117 163 198 228 
32 54 118 164 199 229 
33 55 119 165 200 230 
34 56 120 166 181 231 
35 57 101 167 182 232 
36 58 102 168 183 233 
37 59 103 169 184 234 
38 60 104 170 185 235 
20 101 240 0 0 0 
1 102 221 0 0 0 
2 103 222 0 0 0 
3 104 223 0 0 0 
4 105 224 0 0 0 
5 106 225 0 0 0 
6 107 226 0 0 0 
7 108 227 0 0 0 
8 109 228 0 0 0 
9 110 229 0 0 0 
10 111 230 0 0 0 
11 112 231 0 0 0 
12 113 232 0 0 0 
13 114 233 0 0 0 
14 115 234 0 0 0 
15 116 235 0 0 0 
16 117 236 0 0 0 
17 118 237 0 0 0 
18 119 238 0 0 0 
19 120 239 0 0 0 
1 21 0 0 0 0 
2 22 0 0 0 0 
3 23 0 0 0 0 
4 24 0 0 0 0 
5 25 0 0 0 0 
6 26 0 0 0 0 
7 27 0 0 0 0 
8 28 0 0 0 0 
9 29 0 0 0 0 
10 30 0 0 0 0 
11 31 0 0 0 0 
12 32 0 0 0 0 
13 33 0 0 0 0 
14 34 0 0 0 0 
15 35 0 0 0 0 
16 36 0 0 0 0 
17 37 0 0 0 0 
18 38 0 0 0 0 
19 39 0 0 0 0 
20 40 0 0 0 0 
21 41 0 0 0 0 
22 42 0 0 0 0 
23 43 0 0 0 0 
24 44 0 0 0 0 
25 45 0 0 0 0 
26 46 0 0 0 0 
27 47 0 0 0 0 
28 48 0 0 0 0 
29 49 0 0 0 0 
30 50 0 0 0 0 
31 51 0 0 0 0 
32 52 0 0 0 0 
33 53 0 0 0 0 
34 54 0 0 0 0 
35 55 0 0 0 0 
36 56 0 0 0 0 
37 57 0 0 0 0 
38 58 0 0 0 0 
39 59 0 0 0 0 
40 60 0 0 0 0 
41 61 0 0 0 0 
42 62 0 0 0 0 
43 63 0 0 0 0 
44 64 0 0 0 0 
45 65 0 0 0 0 
46 66 0 0 0 0 
47 67 0 0 0 0 
48 68 0 0 0 0 
49 69 0 0 0 0 
50 70 0 0 0 0 
51 71 0 0 0 0 
52 72 0 0 0 0 
53 73 0 0 0 0 
54 74 0 0 0 0 
55 75 0 0 0 0 
56 76 0 0 0 0 
57 77 0 0 0 0 
58 78 0 0 0 0 
59 79 0 0 0 0 
60 80 0 0 0 0 
61 81 0 0 0 0 
62 82 0 0 0 0 
63 83 0 0 0 0 
64 84 0 0 0 0 
65 85 0 0 0 0 
66 86 0 0 0 0 
67 87 0 0 0 0 
68 88 0 0 0 0 
69 89 0 0 0 0 
70 90 0 0 0 0 
71 91 0 0 0 0 
72 92 0 0 0 0 
73 93 0 0 0 0 
74 94 0 0 0 0 
75 95 0 0 0 0 
76 96 0 0 0 0 
77 97 0 0 0 0 
78 98 0 0 0 0 
79 99 0 0 0 0 
80 100 0 0 0 0 
81 101 0 0 0 0 
82 102 0 0 0 0 
83 103 0 0 0 0 
84 104 0 0 0 0 
85 105 0 0 0 0 
86 106 0 0 0 0 
87 107 0 0 0 0 
88 108 0 0 0 0 
89 109 0 0 0 0 
90 110 0 0 0 0 
91 111 0 0 0 0 
92 112 0 0 0 0 
93 113 0 0 0 0 
94 114 0 0 0 0 
95 115 0 0 0 0 
96 116 0 0 0 0 
97 117 0 0 0 0 
98 118 0 0 0 0 
99 119 0 0 0 0 
100 120 0 0 0 0 
101 121 0 0 0 0 
102 122 0 0 0 0 
103 123 0 0 0 0 
104 124 0 0 0 0 
105 125 0 0 0 0 
106 126 0 0 0 0 
107 127 0 0 0 0 
108 128 0 0 0 0 
109 129 0 0 0 0 
110 130 0 0 0 0 
111 131 0 0 0 0 
112 132 0 0 0 0 
113 133 0 0 0 0 
114 134 0 0 0 0 
115 135 0 0 0 0 
116 136 0 0 0 0 
117 137 0 0 0 0 
118 138 0 0 0 0 
119 139 0 0 0 0 
120 140 0 0 0 0 
121 141 0 0 0 0 
122 142 0 0 0 0 
123 143 0 0 0 0 
124 144 0 0 0 0 
125 145 0 0 0 0 
126 146 0 0 0 0 
127 147 0 0 0 0 
128 148 0 0 0 0 
129 149 0 0 0 0 
130 150 0 0 0 0 
131 151 0 0 0 0 
132 152 0 0 0 0 
133 153 0 0 0 0 
134 154 0 0 0 0 
135 155 0 0 0 0 
136 156 0 0 0 0 
137 157 0 0 0 0 
138 158 0 0 0 0 
139 159 0 0 0 0 
140 160 0 0 0 0 
141 161 0 0 0 0 
142 162 0 0 0 0 
143 163 0 0 0 0 
144 164 0 0 0 0 
145 165 0 0 0 0 
146 166 0 0 0 0 
147 167 0 0 0 0 
148 168 0 0 0 0 
149 169 0 0 0 0 
150 170 0 0 0 0 
151 171 0 0 0 0 
152 172 0 0 0 0 
153 173 0 0 0 0 
154 174 0 0 0 0 
155 175 0 0 0 0 
156 176 0 0 0 0 
157 177 0 0 0 0 
158 178 0 0 0 0 
159 179 0 0 0 0 
160 180 0 0 0 0 
161 181 0 0 0 0 
162 182 0 0 0 0 
163 183 0 0 0 0 
164 184 0 0 0 0 
165 185 0 0 0 0 
166 186 0 0 0 0 
167 187 0 0 0 0 
168 188 0 0 0 0 
169 189 0 0 0 0 
170 190 0 0 0 0 
171 191 0 0 0 0 
172 192 0 0 0 0 
173 193 0 0 0 0 
174 194 0 0 0 0 
175 195 0 0 0 0 
176 196 0 0 0 0 
177 197 0 0 0 0 
178 198 0 0 0 0 
179 199 0 0 0 0 
180 200 0 0 0 0 
181 201 0 0 0 0 
182 202 0 0 0 0 
183 203 0 0 0 0 
184 204 0 0 0 0 
185 205 0 0 0 0 
186 206 0 0 0 0 
187 207 0 0 0 0 
188 208 0 0 0 0 
189 209 0 0 0 0 
190 210 0 0 0 0 
191 211 0 0 0 0 
192 212 0 0 0 0 
193 213 0 0 0 0 
194 214 0 0 0 0 
195 215 0 0 0 0 
196 216 0 0 0 0 
197 217 0 0 0 0 
198 218 0 0 0 0 
199 219 0 0 0 0 
200 220 0 0 0 0 
201 221 0 0 0 0 
202 222 0 0 0 0 
203 223 0 0 0 0 
204 224 0 0 0 0 
205 225 0 0 0 0 
206 226 0 0 0 0 
207 227 0 0 0 0 
208 228 0 0 0 0 
209 229 0 0 0 0 
210 230 0 0 0 0 
211 231 0 0 0 0 
212 232 0 0 0 0 
213 233 0 0 0 0 
214 234 0 0 0 0 
215 235 0 0 0 0 
216 236 0 0 0 0 
217 237 0 0 0 0 
218 238 0 0 0 0 
219 239 0 0 0 0 
220 240 0 0 0 0 
40 56 172 198 242 261 0 
21 57 173 199 243 262 0 
22 58 174 200 244 263 0 
23 59 175 181 245 264 0 
24 60 176 182 246 265 0 
25 41 177 183 247 266 0 
26 42 178 184 248 267 0 
27 43 179 185 249 268 0 
28 44 180 186 250 269 0 
29 45 161 187 251 270 0 
30 46 162 188 252 271 0 
31 47 163 189 253 272 0 
32 48 164 190 254 273 0 
33 49 165 191 255 274 0 
34 50 166 192 256 275 0 
35 51 167 193 257 276 0 
36 52 168 194 258 277 0 
37 53 169 195 259 278 0 
38 54 170 196 260 279 0 
39 55 171 197 241 280 0 
26 105 137 142 223 261 281 
27 106 138 143 224 262 282 
28 107 139 144 225 263 283 
29 108 140 145 226 264 284 
30 109 121 146 227 265 285 
31 110 122 147 228 266 286 
32 111 123 148 229 267 287 
33 112 124 149 230 268 288 
34 113 125 150 231 269 289 
35 114 126 151 232 270 290 
36 115 127 152 233 271 291 
37 116 128 153 234 272 292 
38 117 129 154 235 273 293 
39 118 130 155 236 274 294 
40 119 131 156 237 275 295 
21 120 132 157 238 276 296 
22 101 133 158 239 277 297 
23 102 134 159 240 278 298 
24 103 135 160 221 279 299 
25 104 136 141 222 280 300 
66 85 117 147 221 281 301 
67 86 118 148 222 282 302 
68 87 119 149 223 283 303 
69 88 120 150 224 284 304 
70 89 101 151 225 285 305 
71 90 102 152 226 286 306 
72 91 103 153 227 287 307 
73 92 104 154 228 288 308 
74 93 105 155 229 289 309 
75 94 106 156 230 290 310 
76 95 107 157 231 291 311 
77 96 108 158 232 292 312 
78 97 109 159 233 293 313 
79 98 110 160 234 294 314 
80 99 111 141 235 295 315 
61 100 112 142 236 296 316 
62 81 113 143 237 297 317 
63 82 114 144 238 298 318 
64 83 115 145 239 299 319 
65 84 116 146 240 300 320 
13 50 174 186 301 321 0 
14 51 175 187 302 322 0 
15 52 176 188 303 323 0 
16 53 177 189 304 324 0 
17 54 178 190 305 325 0 
18 55 179 191 306 326 0 
19 56 180 192 307 327 0 
20 57 161 193 308 328 0 
1 58 162 194 309 329 0 
2 59 163 195 310 330 0 
3 60 164 196 311 331 0 
4 41 165 197 312 332 0 
5 42 166 198 313 333 0 
6 43 167 199 314 334 0 
7 44 168 200 315 335 0 
8 45 169 181 316 336 0 
9 46 170 182 317 337 0 
10 47 171 183 318 338 0 
11 48 172 184 319 339 0 
12 49 173 185 320 340 0 
49 138 189 216 321 341 0 
50 139 190 217 322 342 0 
51 140 191 218 323 343 0 
52 121 192 219 324 344 0 
53 122 193 220 325 345 0 
54 123 194 201 326 346 0 
55 124 195 202 327 347 0 
56 125 196 203 328 348 0 
57 126 197 204 329 349 0 
58 127 198 205 330 350 0 
59 128 199 206 331 351 0 
60 129 200 207 332 352 0 
41 130 181 208 333 353 0 
42 131 182 209 334 354 0 
43 132 183 210 335 355 0 
44 133 184 211 336 356 0 
45 134 185 212 337 357 0 
46 135 186 213 338 358 0 
47 136 187 214 339 359 0 
48 137 188 215 340 360 0 
90 109 158 237 241 341 361 
91 110 159 238 242 342 362 
92 111 160 239 243 343 363 
93 112 141 240 244 344 364 
94 113 142 221 245 345 365 
95 114 143 222 246 346 366 
96 115 144 223 247 347 367 
97 116 145 224 248 348 368 
98 117 146 225 249 349 369 
99 118 147 226 250 350 370 
100 119 148 227 251 351 371 
81 120 149 228 252 352 372 
82 101 150 229 253 353 373 
83 102 151 230 254 354 374 
84 103 152 231 255 355 375 
85 104 153 232 256 356 376 
86 105 154 233 257 357 377 
87 106 155 234 258 358 378 
88 107 156 235 259 359 379 
89 108 157 236 260 360 380 
60 72 183 204 361 381 0 
41 73 184 205 362 382 0 
42 74 185 206 363 383 0 
43 75 186 207 364 384 0 
44 76 187 208 365 385 0 
45 77 188 209 366 386 0 
46 78 189 210 367 387 0 
47 79 190 211 368 388 0 
48 80 191 212 369 389 0 
49 61 192 213 370 390 0 
50 62 193 214 371 391 0 
51 63 194 215 372 392 0 
52 64 195 216 373 393 0 
53 65 196 217 374 394 0 
54 66 197 218 375 395 0 
55 67 198 219 376 396 0 
56 68 199 220 377 397 0 
57 69 200 201 378 398 0 
58 70 181 202 379 399 0 
59 71 182 203 380 400 0 
23 56 121 190 381 401 0 
24 57 122 191 382 402 0 
25 58 123 192 383 403 0 
26 59 124 193 384 404 0 
27 60 125 194 385 405 0 
28 41 126 195 386 406 0 
29 42 127 196 387 407 0 
30 43 128 197 388 408 0 
31 44 129 198 389 409 0 
32 45 130 199 390 410 0 
33 46 131 200 391 411 0 
34 47 132 181 392 412 0 
35 48 133 182 393 413 0 
36 49 134 183 394 414 0 
37 50 135 184 395 415 0 
38 51 136 185 396 416 0 
39 52 137 186 397 417 0 
40 53 138 187 398 418 0 
21 54 139 188 399 419 0 
22 55 140 189 400 420 0 
3 98 106 149 231 401 421 
4 99 107 150 232 402 422 
5 100 108 151 233 403 423 
6 81 109 152 234 404 424 
7 82 110 153 235 405 425 
8 83 111 154 236 406 426 
9 84 112 155 237 407 427 
10 85 113 156 238 408 428 
11 86 114 157 239 409 429 
12 87 115 158 240 410 430 
13 88 116 159 221 411 431 
14 89 117 160 222 412 432 
15 90 118 141 223 413 433 
16 91 119 142 224 414 434 
17 92 120 143 225 415 435 
18 93 101 144 226 416 436 
19 94 102 145 227 417 437 
20 95 103 146 228 418 438 
1 96 104 147 229 419 439 
2 97 105 148 230 420 440 
120 153 215 236 421 441 0 
101 154 216 237 422 442 0 
102 155 217 238 423 443 0 
103 156 218 239 424 444 0 
104 157 219 240 425 445 0 
105 158 220 221 426 446 0 
106 159 201 222 427 447 0 
107 160 202 223 428 448 0 
108 141 203 224 429 449 0 
109 142 204 225 430 450 0 
110 143 205 226 431 451 0 
111 144 206 227 432 452 0 
112 145 207 228 433 453 0 
113 146 208 229 434 454 0 
114 147 209 230 435 455 0 
115 148 210 231 436 456 0 
116 149 211 232 437 457 0 
117 150 212 233 438 458 0 
118 151 213 234 439 459 0 
119 152 214 235 440 460 0 
42 74 169 191 441 461 0 
43 75 170 192 442 462 0 
44 76 171 193 443 463 0 
45 77 172 194 444 464 0 
46 78 173 195 445 465 0 
47 79 174 196 446 466 0 
48 80 175 197 447 467 0 
49 61 176 198 448 468 0 
50 62 177 199 449 469 0 
51 63 178 200 450 470 0 
52 64 179 181 451 471 0 
53 65 180 182 452 472 0 
54 66 161 183 453 473 0 
55 67 162 184 454 474 0 
56 68 163 185 455 475 0 
57 69 164 186 456 476 0 
58 70 165 187 457 477 0 
59 71 166 188 458 478 0 
60 72 167 189 459 479 0 
41 73 168 190 460 480 0 
9 114 149 226 242 461 0 
10 115 150 227 243 462 0 
11 116 151 228 244 463 0 
12 117 152 229 245 464 0 
13 118 153 230 246 465 0 
14 119 154 231 247 466 0 
15 120 155 232 248 467 0 
16 101 156 233 249 468 0 
17 102 157 234 250 469 0 
18 103 158 235 251 470 0 
19 104 159 236 252 471 0 
20 105 160 237 253 472 0 
1 106 141 238 254 473 0 
2 107 142 239 255 474 0 
3 108 143 240 256 475 0 
4 109 144 221 257 476 0 
5 110 145 222 258 477 0 
6 111 146 223 259 478 0 
7 112 147 224 260 479 0 
8 113 148 225 241 480 0 
