480 160
4 11
4 4 4 4 4 4 4 4 4 4 4 4 4 4 4 4 4 4 4 4 4 4 4 4 4 4 4 4 4 4 4 4 4 4 4 4 4 4 4 4 4 4 4 4 4 4 4 4 4 4 4 4 4 4 4 4 4 4 4 4 4 4 4 4 4 4 4 4 4 4 4 4 4 4 4 4 4 4 4 4 4 4 4 4 4 4 4 4 4 4 4 4 4 4 4 4 4 4 4 4 4 4 4 4 4 4 4 4 4 4 4 4 4 4 4 4 4 4 4 4 4 4 4 4 4 4 4 4 4 4 4 4 4 4 4 4 4 4 4 4 4 4 4 4 4 4 4 4 4 4 4 4 4 4 4 4 4 4 4 4 4 4 4 4 4 4 4 4 4 4 4 4 4 4 4 4 4 4 4 4 4 4 4 4 4 4 4 4 4 4 4 4 4 4 4 4 4 4 4 4 4 4 4 4 4 4 4 4 4 4 4 4 4 4 4 4 4 4 4 4 4 4 4 4 4 4 4 4 4 4 4 4 4 4 4 4 4 4 4 4 4 4 4 4 4 4 4 4 4 4 4 4 4 4 4 4 4 4 4 4 4 4 4 4 4 4 4 4 4 4 4 4 4 4 4 4 4 4 4 4 4 4 4 4 4 4 4 4 4 4 4 4 4 4 4 4 4 4 4 4 4 4 4 4 4 4 4 4 4 4 4 4 4 4 4 4 4 4 4 4 3 3 3 3 3 3 3 3 3 3 3 3 3 3 3 3 3 3 3 3 2 2 2 2 2 2 2 2 2 2 2 2 2 2 2 2 2 2 2 2 2 2 2 2 2 2 2 2 2 2 2 2 2 2 2 2 2 2 2 2 2 2 2 2 2 2 2 2 2 2 2 2 2 2 2 2 2 2 2 2 2 2 2 2 2 2 2 2 2 2 2 2 2 2 2 2 2 2 2 2 2 2 2 2 2 2 2 2 2 2 2 2 2 2 2 2 2 2 2 2 2 2 2 2 2 2 2 2 2 2 2 2 2 2 2 2 2 2 2 2 2 2 2 2 2 2 2 2 2 2 2 2 2 2 2 2 2 2 2 2 
10 10 10 10 10 10 10 10 10 10 10 10 10 10 10 10 10 10 10 10 10 10 10 10 10 10 10 10 10 10 10 10 10 10 10 10 10 10 10 10 10 10 10 10 10 10 10 10 10 10 10 10 10 10 10 10 10 10 10 10 10 10 10 10 10 10 10 10 10 10 10 10 10 10 10 10 10 10 10 10 10 10 10 10 10 10 10 10 10 10 10 10 10 10 10 10 10 10 10 10 10 10 10 10 10 10 10 10 10 10 10 10 10 10 10 10 10 10 10 10 11 11 11 11 11 11 11 11 11 11 11 11 11 11 11 11 11 11 11 11 10 10 10 10 10 10 10 10 10 10 10 10 10 10 10 10 10 10 10 10 
1 59 97 135 
2 60 98 136 
3 41 99 137 
4 42 100 138 
5 43 81 139 
6 44 82 140 
7 45 83 121 
8 46 84 122 
9 47 85 123 
10 48 86 124 
11 49 87 125 
12 50 88 126 
13 51 89 127 
14 52 90 128 
15 53 91 129 
16 54 92 130 
17 55 93 131 
18 56 94 132 
19 57 95 133 
20 58 96 134 
27 76 115 141 
28 77 116 142 
29 78 117 143 
30 79 118 144 
31 80 119 145 
32 61 120 146 
33 62 101 147 
34 63 102 148 
35 64 103 149 
36 65 104 150 
37 66 105 151 
38 67 106 152 
39 68 107 153 
40 69 108 154 
21 70 109 155 
22 71 110 156 
23 72 111 157 
24 73 112 158 
25 74 113 159 
26 75 114 160 
18 44 95 121 
19 45 96 122 
20 46 97 123 
1 47 98 124 
2 48 99 125 
3 49 100 126 
4 50 81 127 
5 51 82 128 
6 52 83 129 
7 53 84 130 
8 54 85 131 
9 55 86 132 
10 56 87 133 
11 57 88 134 
12 58 89 135 
13 59 90 136 
14 60 91 137 
15 41 92 138 
16 42 93 139 
17 43 94 140 
23 75 108 152 
24 76 109 153 
25 77 110 154 
26 78 111 155 
27 79 112 156 
28 80 113 157 
29 61 114 158 
30 62 115 159 
31 63 116 160 
32 64 117 141 
33 65 118 142 
34 66 119 143 
35 67 120 144 
36 68 101 145 
37 69 102 146 
38 70 103 147 
39 71 104 148 
40 72 105 149 
21 73 106 150 
22 74 107 151 
12 49 98 138 
13 50 99 139 
14 51 100 140 
15 52 81 121 
16 53 82 122 
17 54 83 123 
18 55 84 124 
19 56 85 125 
20 57 86 126 
1 58 87 127 
2 59 88 128 
3 60 89 129 
4 41 90 130 
5 42 91 131 
6 43 92 132 
7 44 93 133 
8 45 94 134 
9 46 95 135 
10 47 96 136 
11 48 97 137 
35 65 110 159 
36 66 111 160 
37 67 112 141 
38 68 113 142 
39 69 114 143 
40 70 115 144 
21 71 116 145 
22 72 117 146 
23 73 118 147 
24 74 119 148 
25 75 120 149 
26 76 101 150 
27 77 102 151 
28 78 103 152 
29 79 104 153 
30 80 105 154 
31 61 106 155 
32 62 107 156 
33 63 108 157 
34 64 109 158 
11 56 95 130 
12 57 96 131 
13 58 97 132 
14 59 98 133 
15 60 99 134 
16 41 100 135 
17 42 81 136 
18 43 82 137 
19 44 83 138 
20 45 84 139 
1 46 85 140 
2 47 86 121 
3 48 87 122 
4 49 88 123 
5 50 89 124 
6 51 90 125 
7 52 91 126 
8 53 92 127 
9 54 93 128 
10 55 94 129 
21 76 119 149 
22 77 120 150 
23 78 101 151 
24 79 102 152 
25 80 103 153 
26 61 104 154 
27 62 105 155 
28 63 106 156 
29 64 107 157 
30 65 108 158 
31 66 109 159 
32 67 110 160 
33 68 111 141 
34 69 112 142 
35 70 113 143 
36 71 114 144 
37 72 115 145 
38 73 116 146 
39 74 117 147 
40 75 118 148 
14 44 88 124 
15 45 89 125 
16 46 90 126 
17 47 91 127 
18 48 92 128 
19 49 93 129 
20 50 94 130 
1 51 95 131 
2 52 96 132 
3 53 97 133 
4 54 98 134 
5 55 99 135 
6 56 100 136 
7 57 81 137 
8 58 82 138 
9 59 83 139 
10 60 84 140 
11 41 85 121 
12 42 86 122 
13 43 87 123 
38 63 101 144 
39 64 102 145 
40 65 103 146 
21 66 104 147 
22 67 105 148 
23 68 106 149 
24 69 107 150 
25 70 108 151 
26 71 109 152 
27 72 110 153 
28 73 111 154 
29 74 112 155 
30 75 113 156 
31 76 114 157 
32 77 115 158 
33 78 116 159 
34 79 117 160 
35 80 118 141 
36 61 119 142 
37 62 120 143 
4 58 96 140 
5 59 97 121 
6 60 98 122 
7 41 99 123 
8 42 100 124 
9 43 81 125 
10 44 82 126 
11 45 83 127 
12 46 84 128 
13 47 85 129 
14 48 86 130 
15 49 87 131 
16 50 88 132 
17 51 89 133 
18 52 90 134 
19 53 91 135 
20 54 92 136 
1 55 93 137 
2 56 94 138 
3 57 95 139 
34 80 115 150 
35 61 116 151 
36 62 117 152 
37 63 118 153 
38 64 119 154 
39 65 120 155 
40 66 101 156 
21 67 102 157 
22 68 103 158 
23 69 104 159 
24 70 105 160 
25 71 106 141 
26 72 107 142 
27 73 108 143 
28 74 109 144 
29 75 110 145 
30 76 111 146 
31 77 112 147 
32 78 113 148 
33 79 114 149 
12 54 91 140 
13 55 92 121 
14 56 93 122 
15 57 94 123 
16 58 95 124 
17 59 96 125 
18 60 97 126 
19 41 98 127 
20 42 99 128 
1 43 100 129 
2 44 81 130 
3 45 82 131 
4 46 83 132 
5 47 84 133 
6 48 85 134 
7 49 86 135 
8 50 87 136 
9 51 88 137 
10 52 89 138 
11 53 90 139 
33 70 106 145 
34 71 107 146 
35 72 108 147 
36 73 109 148 
37 74 110 149 
38 75 111 150 
39 76 112 151 
40 77 113 152 
21 78 114 153 
22 79 115 154 
23 80 116 155 
24 61 117 156 
25 62 118 157 
26 63 119 158 
27 64 120 159 
28 65 101 160 
29 66 102 141 
30 67 103 142 
31 68 104 143 
32 69 105 144 
18 46 89 131 
19 47 90 132 
20 48 91 133 
1 49 92 134 
2 50 93 135 
3 51 94 136 
4 52 95 137 
5 53 96 138 
6 54 97 139 
7 55 98 140 
8 56 99 121 
9 57 100 122 
10 58 81 123 
11 59 82 124 
12 60 83 125 
13 41 84 126 
14 42 85 127 
15 43 86 128 
16 44 87 129 
17 45 88 130 
31 74 101 153 
32 75 102 154 
33 76 103 155 
34 77 104 156 
35 78 105 157 
36 79 106 158 
37 80 107 159 
38 61 108 160 
39 62 109 141 
40 63 110 142 
21 64 111 143 
22 65 112 144 
23 66 113 145 
24 67 114 146 
25 68 115 147 
26 69 116 148 
27 70 117 149 
28 71 118 150 
29 72 119 151 
30 73 120 152 
2 121 142 0 
3 122 143 0 
4 123 144 0 
5 124 145 0 
6 125 146 0 
7 126 147 0 
8 127 148 0 
9 128 149 0 
10 129 150 0 
11 130 151 0 
12 131 152 0 
13 132 153 0 
14 133 154 0 
15 134 155 0 
16 135 156 0 
17 136 157 0 
18 137 158 0 
19 138 159 0 
20 139 160 0 
1 140 141 0 
1 21 0 0 
2 22 0 0 
3 23 0 0 
4 24 0 0 
5 25 0 0 
6 26 0 0 
7 27 0 0 
8 28 0 0 
9 29 0 0 
10 30 0 0 
11 31 0 0 
12 32 0 0 
13 33 0 0 
14 34 0 0 
15 35 0 0 
16 36 0 0 
17 37 0 0 
18 38 0 0 
19 39 0 0 
20 40 0 0 
21 41 0 0 
22 42 0 0 
23 43 0 0 
24 44 0 0 
25 45 0 0 
26 46 0 0 
27 47 0 0 
28 48 0 0 
29 49 0 0 
30 50 0 0 
31 51 0 0 
32 52 0 0 
33 53 0 0 
34 54 0 0 
35 55 0 0 
36 56 0 0 
37 57 0 0 
38 58 0 0 
39 59 0 0 
40 60 0 0 
41 61 0 0 
42 62 0 0 
43 63 0 0 
44 64 0 0 
45 65 0 0 
46 66 0 0 
47 67 0 0 
48 68 0 0 
49 69 0 0 
50 70 0 0 
51 71 0 0 
52 72 0 0 
53 73 0 0 
54 74 0 0 
55 75 0 0 
56 76 0 0 
57 77 0 0 
58 78 0 0 
59 79 0 0 
60 80 0 0 
61 81 0 0 
62 82 0 0 
63 83 0 0 
64 84 0 0 
65 85 0 0 
66 86 0 0 
67 87 0 0 
68 88 0 0 
69 89 0 0 
70 90 0 0 
71 91 0 0 
72 92 0 0 
73 93 0 0 
74 94 0 0 
75 95 0 0 
76 96 0 0 
77 97 0 0 
78 98 0 0 
79 99 0 0 
80 100 0 0 
81 101 0 0 
82 102 0 0 
83 103 0 0 
84 104 0 0 
85 105 0 0 
86 106 0 0 
87 107 0 0 
88 108 0 0 
89 109 0 0 
90 110 0 0 
91 111 0 0 
92 112 0 0 
93 113 0 0 
94 114 0 0 
95 115 0 0 
96 116 0 0 
97 117 0 0 
98 118 0 0 
99 119 0 0 
100 120 0 0 
101 121 0 0 
102 122 0 0 
103 123 0 0 
104 124 0 0 
105 125 0 0 
106 126 0 0 
107 127 0 0 
108 128 0 0 
109 129 0 0 
110 130 0 0 
111 131 0 0 
112 132 0 0 
113 133 0 0 
114 134 0 0 
115 135 0 0 
116 136 0 0 
117 137 0 0 
118 138 0 0 
119 139 0 0 
120 140 0 0 
121 141 0 0 
122 142 0 0 
123 143 0 0 
124 144 0 0 
125 145 0 0 
126 146 0 0 
127 147 0 0 
128 148 0 0 
129 149 0 0 
130 150 0 0 
131 151 0 0 
132 152 0 0 
133 153 0 0 
134 154 0 0 
135 155 0 0 
136 156 0 0 
137 157 0 0 
138 158 0 0 
139 159 0 0 
140 160 0 0 
1 44 90 131 168 218 250 284 340 341 0 
2 45 91 132 169 219 251 285 321 342 0 
3 46 92 133 170 220 252 286 322 343 0 
4 47 93 134 171 201 253 287 323 344 0 
5 48 94 135 172 202 254 288 324 345 0 
6 49 95 136 173 203 255 289 325 346 0 
7 50 96 137 174 204 256 290 326 347 0 
8 51 97 138 175 205 257 291 327 348 0 
9 52 98 139 176 206 258 292 328 349 0 
10 53 99 140 177 207 259 293 329 350 0 
11 54 100 121 178 208 260 294 330 351 0 
12 55 81 122 179 209 241 295 331 352 0 
13 56 82 123 180 210 242 296 332 353 0 
14 57 83 124 161 211 243 297 333 354 0 
15 58 84 125 162 212 244 298 334 355 0 
16 59 85 126 163 213 245 299 335 356 0 
17 60 86 127 164 214 246 300 336 357 0 
18 41 87 128 165 215 247 281 337 358 0 
19 42 88 129 166 216 248 282 338 359 0 
20 43 89 130 167 217 249 283 339 360 0 
35 79 107 141 184 228 269 311 341 361 0 
36 80 108 142 185 229 270 312 342 362 0 
37 61 109 143 186 230 271 313 343 363 0 
38 62 110 144 187 231 272 314 344 364 0 
39 63 111 145 188 232 273 315 345 365 0 
40 64 112 146 189 233 274 316 346 366 0 
21 65 113 147 190 234 275 317 347 367 0 
22 66 114 148 191 235 276 318 348 368 0 
23 67 115 149 192 236 277 319 349 369 0 
24 68 116 150 193 237 278 320 350 370 0 
25 69 117 151 194 238 279 301 351 371 0 
26 70 118 152 195 239 280 302 352 372 0 
27 71 119 153 196 240 261 303 353 373 0 
28 72 120 154 197 221 262 304 354 374 0 
29 73 101 155 198 222 263 305 355 375 0 
30 74 102 156 199 223 264 306 356 376 0 
31 75 103 157 200 224 265 307 357 377 0 
32 76 104 158 181 225 266 308 358 378 0 
33 77 105 159 182 226 267 309 359 379 0 
34 78 106 160 183 227 268 310 360 380 0 
3 58 93 126 178 204 248 296 361 381 0 
4 59 94 127 179 205 249 297 362 382 0 
5 60 95 128 180 206 250 298 363 383 0 
6 41 96 129 161 207 251 299 364 384 0 
7 42 97 130 162 208 252 300 365 385 0 
8 43 98 131 163 209 253 281 366 386 0 
9 44 99 132 164 210 254 282 367 387 0 
10 45 100 133 165 211 255 283 368 388 0 
11 46 81 134 166 212 256 284 369 389 0 
12 47 82 135 167 213 257 285 370 390 0 
13 48 83 136 168 214 258 286 371 391 0 
14 49 84 137 169 215 259 287 372 392 0 
15 50 85 138 170 216 260 288 373 393 0 
16 51 86 139 171 217 241 289 374 394 0 
17 52 87 140 172 218 242 290 375 395 0 
18 53 88 121 173 219 243 291 376 396 0 
19 54 89 122 174 220 244 292 377 397 0 
20 55 90 123 175 201 245 293 378 398 0 
1 56 91 124 176 202 246 294 379 399 0 
2 57 92 125 177 203 247 295 380 400 0 
26 67 117 146 199 222 272 308 381 401 0 
27 68 118 147 200 223 273 309 382 402 0 
28 69 119 148 181 224 274 310 383 403 0 
29 70 120 149 182 225 275 311 384 404 0 
30 71 101 150 183 226 276 312 385 405 0 
31 72 102 151 184 227 277 313 386 406 0 
32 73 103 152 185 228 278 314 387 407 0 
33 74 104 153 186 229 279 315 388 408 0 
34 75 105 154 187 230 280 316 389 409 0 
35 76 106 155 188 231 261 317 390 410 0 
36 77 107 156 189 232 262 318 391 411 0 
37 78 108 157 190 233 263 319 392 412 0 
38 79 109 158 191 234 264 320 393 413 0 
39 80 110 159 192 235 265 301 394 414 0 
40 61 111 160 193 236 266 302 395 415 0 
21 62 112 141 194 237 267 303 396 416 0 
22 63 113 142 195 238 268 304 397 417 0 
23 64 114 143 196 239 269 305 398 418 0 
24 65 115 144 197 240 270 306 399 419 0 
25 66 116 145 198 221 271 307 400 420 0 
5 47 84 127 174 206 251 293 401 421 0 
6 48 85 128 175 207 252 294 402 422 0 
7 49 86 129 176 208 253 295 403 423 0 
8 50 87 130 177 209 254 296 404 424 0 
9 51 88 131 178 210 255 297 405 425 0 
10 52 89 132 179 211 256 298 406 426 0 
11 53 90 133 180 212 257 299 407 427 0 
12 54 91 134 161 213 258 300 408 428 0 
13 55 92 135 162 214 259 281 409 429 0 
14 56 93 136 163 215 260 282 410 430 0 
15 57 94 137 164 216 241 283 411 431 0 
16 58 95 138 165 217 242 284 412 432 0 
17 59 96 139 166 218 243 285 413 433 0 
18 60 97 140 167 219 244 286 414 434 0 
19 41 98 121 168 220 245 287 415 435 0 
20 42 99 122 169 201 246 288 416 436 0 
1 43 100 123 170 202 247 289 417 437 0 
2 44 81 124 171 203 248 290 418 438 0 
3 45 82 125 172 204 249 291 419 439 0 
4 46 83 126 173 205 250 292 420 440 0 
27 74 112 143 181 227 276 301 421 441 0 
28 75 113 144 182 228 277 302 422 442 0 
29 76 114 145 183 229 278 303 423 443 0 
30 77 115 146 184 230 279 304 424 444 0 
31 78 116 147 185 231 280 305 425 445 0 
32 79 117 148 186 232 261 306 426 446 0 
33 80 118 149 187 233 262 307 427 447 0 
34 61 119 150 188 234 263 308 428 448 0 
35 62 120 151 189 235 264 309 429 449 0 
36 63 101 152 190 236 265 310 430 450 0 
37 64 102 153 191 237 266 311 431 451 0 
38 65 103 154 192 238 267 312 432 452 0 
39 66 104 155 193 239 268 313 433 453 0 
40 67 105 156 194 240 269 314 434 454 0 
21 68 106 157 195 221 270 315 435 455 0 
22 69 107 158 196 222 271 316 436 456 0 
23 70 108 159 197 223 272 317 437 457 0 
24 71 109 160 198 224 273 318 438 458 0 
25 72 110 141 199 225 274 319 439 459 0 
26 73 111 142 200 226 275 320 440 460 0 
7 41 84 132 178 202 242 291 321 441 461 
8 42 85 133 179 203 243 292 322 442 462 
9 43 86 134 180 204 244 293 323 443 463 
10 44 87 135 161 205 245 294 324 444 464 
11 45 88 136 162 206 246 295 325 445 465 
12 46 89 137 163 207 247 296 326 446 466 
13 47 90 138 164 208 248 297 327 447 467 
14 48 91 139 165 209 249 298 328 448 468 
15 49 92 140 166 210 250 299 329 449 469 
16 50 93 121 167 211 251 300 330 450 470 
17 51 94 122 168 212 252 281 331 451 471 
18 52 95 123 169 213 253 282 332 452 472 
19 53 96 124 170 214 254 283 333 453 473 
20 54 97 125 171 215 255 284 334 454 474 
1 55 98 126 172 216 256 285 335 455 475 
2 56 99 127 173 217 257 286 336 456 476 
3 57 100 128 174 218 258 287 337 457 477 
4 58 81 129 175 219 259 288 338 458 478 
5 59 82 130 176 220 260 289 339 459 479 
6 60 83 131 177 201 241 290 340 460 480 
21 70 103 153 198 232 277 309 340 461 0 
22 71 104 154 199 233 278 310 321 462 0 
23 72 105 155 200 234 279 311 322 463 0 
24 73 106 156 181 235 280 312 323 464 0 
25 74 107 157 182 236 261 313 324 465 0 
26 75 108 158 183 237 262 314 325 466 0 
27 76 109 159 184 238 263 315 326 467 0 
28 77 110 160 185 239 264 316 327 468 0 
29 78 111 141 186 240 265 317 328 469 0 
30 79 112 142 187 221 266 318 329 470 0 
31 80 113 143 188 222 267 319 330 471 0 
32 61 114 144 189 223 268 320 331 472 0 
33 62 115 145 190 224 269 301 332 473 0 
34 63 116 146 191 225 270 302 333 474 0 
35 64 117 147 192 226 271 303 334 475 0 
36 65 118 148 193 227 272 304 335 476 0 
37 66 119 149 194 228 273 305 336 477 0 
38 67 120 150 195 229 274 306 337 478 0 
39 68 101 151 196 230 275 307 338 479 0 
40 69 102 152 197 231 276 308 339 480 0 
