192 96
6 7
3 3 3 3 3 3 3 3 3 3 3 3 3 3 3 3 6 6 6 6 6 6 6 6 3 3 3 3 3 3 3 3 3 3 3 3 3 3 3 3 6 6 6 6 6 6 6 6 3 3 3 3 3 3 3 3 6 6 6 6 6 6 6 6 3 3 3 3 3 3 3 3 6 6 6 6 6 6 6 6 3 3 3 3 3 3 3 3 6 6 6 6 6 6 6 6 3 3 3 3 3 3 3 3 2 2 2 2 2 2 2 2 2 2 2 2 2 2 2 2 2 2 2 2 2 2 2 2 2 2 2 2 2 2 2 2 2 2 2 2 2 2 2 2 2 2 2 2 2 2 2 2 2 2 2 2 2 2 2 2 2 2 2 2 2 2 2 2 2 2 2 2 2 2 2 2 2 2 2 2 2 2 2 2 2 2 2 2 2 2 2 2 
6 6 6 6 6 6 6 6 7 7 7 7 7 7 7 7 7 7 7 7 7 7 7 7 6 6 6 6 6 6 6 6 6 6 6 6 6 6 6 6 7 7 7 7 7 7 7 7 6 6 6 6 6 6 6 6 6 6 6 6 6 6 6 6 7 7 7 7 7 7 7 7 6 6 6 6 6 6 6 6 6 6 6 6 6 6 6 6 6 6 6 6 6 6 6 6 
25 72 93 0 0 0 
26 65 94 0 0 0 
27 66 95 0 0 0 
28 67 96 0 0 0 
29 68 89 0 0 0 
30 69 90 0 0 0 
31 70 91 0 0 0 
32 71 92 0 0 0 
1 11 62 0 0 0 
2 12 63 0 0 0 
3 13 64 0 0 0 
4 14 57 0 0 0 
5 15 58 0 0 0 
6 16 59 0 0 0 
7 9 60 0 0 0 
8 10 61 0 0 0 
1 28 37 51 63 83 
2 29 38 52 64 84 
3 30 39 53 57 85 
4 31 40 54 58 86 
5 32 33 55 59 87 
6 25 34 56 60 88 
7 26 35 49 61 81 
8 27 36 50 62 82 
17 56 82 0 0 0 
18 49 83 0 0 0 
19 50 84 0 0 0 
20 51 85 0 0 0 
21 52 86 0 0 0 
22 53 87 0 0 0 
23 54 88 0 0 0 
24 55 81 0 0 0 
17 44 70 0 0 0 
18 45 71 0 0 0 
19 46 72 0 0 0 
20 47 65 0 0 0 
21 48 66 0 0 0 
22 41 67 0 0 0 
23 42 68 0 0 0 
24 43 69 0 0 0 
9 18 47 72 76 94 
10 19 48 65 77 95 
11 20 41 66 78 96 
12 21 42 67 79 89 
13 22 43 68 80 90 
14 23 44 69 73 91 
15 24 45 70 74 92 
16 17 46 71 75 93 
9 40 59 0 0 0 
10 33 60 0 0 0 
11 34 61 0 0 0 
12 35 62 0 0 0 
13 36 63 0 0 0 
14 37 64 0 0 0 
15 38 57 0 0 0 
16 39 58 0 0 0 
9 23 41 65 79 90 
10 24 42 66 80 91 
11 17 43 67 73 92 
12 18 44 68 74 93 
13 19 45 69 75 94 
14 20 46 70 76 95 
15 21 47 71 77 96 
16 22 48 72 78 89 
1 29 87 0 0 0 
2 30 88 0 0 0 
3 31 81 0 0 0 
4 32 82 0 0 0 
5 25 83 0 0 0 
6 26 84 0 0 0 
7 27 85 0 0 0 
8 28 86 0 0 0 
1 27 33 56 57 81 
2 28 34 49 58 82 
3 29 35 50 59 83 
4 30 36 51 60 84 
5 31 37 52 61 85 
6 32 38 53 62 86 
7 25 39 54 63 87 
8 26 40 55 64 88 
33 54 74 0 0 0 
34 55 75 0 0 0 
35 56 76 0 0 0 
36 49 77 0 0 0 
37 50 78 0 0 0 
38 51 79 0 0 0 
39 52 80 0 0 0 
40 53 73 0 0 0 
9 19 43 71 74 91 
10 20 44 72 75 92 
11 21 45 65 76 93 
12 22 46 66 77 94 
13 23 47 67 78 95 
14 24 48 68 79 96 
15 17 41 69 80 89 
16 18 42 70 73 90 
1 47 90 0 0 0 
2 48 91 0 0 0 
3 41 92 0 0 0 
4 42 93 0 0 0 
5 43 94 0 0 0 
6 44 95 0 0 0 
7 45 96 0 0 0 
8 46 89 0 0 0 
1 9 0 0 0 0 
2 10 0 0 0 0 
3 11 0 0 0 0 
4 12 0 0 0 0 
5 13 0 0 0 0 
6 14 0 0 0 0 
7 15 0 0 0 0 
8 16 0 0 0 0 
9 17 0 0 0 0 
10 18 0 0 0 0 
11 19 0 0 0 0 
12 20 0 0 0 0 
13 21 0 0 0 0 
14 22 0 0 0 0 
15 23 0 0 0 0 
16 24 0 0 0 0 
17 25 0 0 0 0 
18 26 0 0 0 0 
19 27 0 0 0 0 
20 28 0 0 0 0 
21 29 0 0 0 0 
22 30 0 0 0 0 
23 31 0 0 0 0 
24 32 0 0 0 0 
25 33 0 0 0 0 
26 34 0 0 0 0 
27 35 0 0 0 0 
28 36 0 0 0 0 
29 37 0 0 0 0 
30 38 0 0 0 0 
31 39 0 0 0 0 
32 40 0 0 0 0 
33 41 0 0 0 0 
34 42 0 0 0 0 
35 43 0 0 0 0 
36 44 0 0 0 0 
37 45 0 0 0 0 
38 46 0 0 0 0 
39 47 0 0 0 0 
40 48 0 0 0 0 
41 49 0 0 0 0 
42 50 0 0 0 0 
43 51 0 0 0 0 
44 52 0 0 0 0 
45 53 0 0 0 0 
46 54 0 0 0 0 
47 55 0 0 0 0 
48 56 0 0 0 0 
49 57 0 0 0 0 
50 58 0 0 0 0 
51 59 0 0 0 0 
52 60 0 0 0 0 
53 61 0 0 0 0 
54 62 0 0 0 0 
55 63 0 0 0 0 
56 64 0 0 0 0 
57 65 0 0 0 0 
58 66 0 0 0 0 
59 67 0 0 0 0 
60 68 0 0 0 0 
61 69 0 0 0 0 
62 70 0 0 0 0 
63 71 0 0 0 0 
64 72 0 0 0 0 
65 73 0 0 0 0 
66 74 0 0 0 0 
67 75 0 0 0 0 
68 76 0 0 0 0 
69 77 0 0 0 0 
70 78 0 0 0 0 
71 79 0 0 0 0 
72 80 0 0 0 0 
73 81 0 0 0 0 
74 82 0 0 0 0 
75 83 0 0 0 0 
76 84 0 0 0 0 
77 85 0 0 0 0 
78 86 0 0 0 0 
79 87 0 0 0 0 
80 88 0 0 0 0 
81 89 0 0 0 0 
82 90 0 0 0 0 
83 91 0 0 0 0 
84 92 0 0 0 0 
85 93 0 0 0 0 
86 94 0 0 0 0 
87 95 0 0 0 0 
88 96 0 0 0 0 
105 97 65 9 73 17 0 
106 98 66 10 74 18 0 
107 99 67 11 75 19 0 
108 100 68 12 76 20 0 
109 101 69 13 77 21 0 
110 102 70 14 78 22 0 
111 103 71 15 79 23 0 
112 104 72 16 80 24 0 
105 113 49 15 89 57 41 
106 114 50 16 90 58 42 
107 115 51 9 91 59 43 
108 116 52 10 92 60 44 
109 117 53 11 93 61 45 
110 118 54 12 94 62 46 
111 119 55 13 95 63 47 
112 120 56 14 96 64 48 
113 121 33 25 95 59 48 
114 122 34 26 96 60 41 
115 123 35 27 89 61 42 
116 124 36 28 90 62 43 
117 125 37 29 91 63 44 
118 126 38 30 92 64 45 
119 127 39 31 93 57 46 
120 128 40 32 94 58 47 
121 129 1 69 79 22 0 
122 130 2 70 80 23 0 
123 131 3 71 73 24 0 
124 132 4 72 74 17 0 
125 133 5 65 75 18 0 
126 134 6 66 76 19 0 
127 135 7 67 77 20 0 
128 136 8 68 78 21 0 
129 137 81 50 73 21 0 
130 138 82 51 74 22 0 
131 139 83 52 75 23 0 
132 140 84 53 76 24 0 
133 141 85 54 77 17 0 
134 142 86 55 78 18 0 
135 143 87 56 79 19 0 
136 144 88 49 80 20 0 
137 145 99 38 95 57 43 
138 146 100 39 96 58 44 
139 147 101 40 89 59 45 
140 148 102 33 90 60 46 
141 149 103 34 91 61 47 
142 150 104 35 92 62 48 
143 151 97 36 93 63 41 
144 152 98 37 94 64 42 
145 153 84 26 74 23 0 
146 154 85 27 75 24 0 
147 155 86 28 76 17 0 
148 156 87 29 77 18 0 
149 157 88 30 78 19 0 
150 158 81 31 79 20 0 
151 159 82 32 80 21 0 
152 160 83 25 73 22 0 
153 161 55 12 73 19 0 
154 162 56 13 74 20 0 
155 163 49 14 75 21 0 
156 164 50 15 76 22 0 
157 165 51 16 77 23 0 
158 166 52 9 78 24 0 
159 167 53 10 79 17 0 
160 168 54 11 80 18 0 
161 169 2 36 91 57 42 
162 170 3 37 92 58 43 
163 171 4 38 93 59 44 
164 172 5 39 94 60 45 
165 173 6 40 95 61 46 
166 174 7 33 96 62 47 
167 175 8 34 89 63 48 
168 176 1 35 90 64 41 
169 177 88 96 59 46 0 
170 178 81 89 60 47 0 
171 179 82 90 61 48 0 
172 180 83 91 62 41 0 
173 181 84 92 63 42 0 
174 182 85 93 64 43 0 
175 183 86 94 57 44 0 
176 184 87 95 58 45 0 
177 185 67 32 73 23 0 
178 186 68 25 74 24 0 
179 187 69 26 75 17 0 
180 188 70 27 76 18 0 
181 189 71 28 77 19 0 
182 190 72 29 78 20 0 
183 191 65 30 79 21 0 
184 192 66 31 80 22 0 
185 5 104 95 64 44 0 
186 6 97 96 57 45 0 
187 7 98 89 58 46 0 
188 8 99 90 59 47 0 
189 1 100 91 60 48 0 
190 2 101 92 61 41 0 
191 3 102 93 62 42 0 
192 4 103 94 63 43 0 
