336 168
6 7
3 3 3 3 3 3 3 3 3 3 3 3 3 3 3 3 3 3 3 3 3 3 3 3 3 3 3 3 6 6 6 6 6 6 6 6 6 6 6 6 6 6 3 3 3 3 3 3 3 3 3 3 3 3 3 3 3 3 3 3 3 3 3 3 3 3 3 3 3 3 6 6 6 6 6 6 6 6 6 6 6 6 6 6 3 3 3 3 3 3 3 3 3 3 3 3 3 3 6 6 6 6 6 6 6 6 6 6 6 6 6 6 3 3 3 3 3 3 3 3 3 3 3 3 3 3 6 6 6 6 6 6 6 6 6 6 6 6 6 6 3 3 3 3 3 3 3 3 3 3 3 3 3 3 6 6 6 6 6 6 6 6 6 6 6 6 6 6 3 3 3 3 3 3 3 3 3 3 3 3 3 3 2 2 2 2 2 2 2 2 2 2 2 2 2 2 2 2 2 2 2 2 2 2 2 2 2 2 2 2 2 2 2 2 2 2 2 2 2 2 2 2 2 2 2 2 2 2 2 2 2 2 2 2 2 2 2 2 2 2 2 2 2 2 2 2 2 2 2 2 2 2 2 2 2 2 2 2 2 2 2 2 2 2 2 2 2 2 2 2 2 2 2 2 2 2 2 2 2 2 2 2 2 2 2 2 2 2 2 2 2 2 2 2 2 2 2 2 2 2 2 2 2 2 2 2 2 2 2 2 2 2 2 2 2 2 2 2 2 2 2 2 2 2 2 2 2 2 2 2 2 2 2 2 2 2 
6 6 6 6 6 6 6 6 6 6 6 6 6 6 7 7 7 7 7 7 7 7 7 7 7 7 7 7 7 7 7 7 7 7 7 7 7 7 7 7 7 7 6 6 6 6 6 6 6 6 6 6 6 6 6 6 6 6 6 6 6 6 6 6 6 6 6 6 6 6 7 7 7 7 7 7 7 7 7 7 7 7 7 7 6 6 6 6 6 6 6 6 6 6 6 6 6 6 6 6 6 6 6 6 6 6 6 6 6 6 6 6 7 7 7 7 7 7 7 7 7 7 7 7 7 7 6 6 6 6 6 6 6 6 6 6 6 6 6 6 6 6 6 6 6 6 6 6 6 6 6 6 6 6 6 6 6 6 6 6 6 6 6 6 6 6 6 6 
43 126 160 0 0 0 
44 113 161 0 0 0 
45 114 162 0 0 0 
46 115 163 0 0 0 
47 116 164 0 0 0 
48 117 165 0 0 0 
49 118 166 0 0 0 
50 119 167 0 0 0 
51 120 168 0 0 0 
52 121 155 0 0 0 
53 122 156 0 0 0 
54 123 157 0 0 0 
55 124 158 0 0 0 
56 125 159 0 0 0 
1 16 102 0 0 0 
2 17 103 0 0 0 
3 18 104 0 0 0 
4 19 105 0 0 0 
5 20 106 0 0 0 
6 21 107 0 0 0 
7 22 108 0 0 0 
8 23 109 0 0 0 
9 24 110 0 0 0 
10 25 111 0 0 0 
11 26 112 0 0 0 
12 27 99 0 0 0 
13 28 100 0 0 0 
14 15 101 0 0 0 
1 54 58 90 100 148 
2 55 59 91 101 149 
3 56 60 92 102 150 
4 43 61 93 103 151 
5 44 62 94 104 152 
6 45 63 95 105 153 
7 46 64 96 106 154 
8 47 65 97 107 141 
9 48 66 98 108 142 
10 49 67 85 109 143 
11 50 68 86 110 144 
12 51 69 87 111 145 
13 52 70 88 112 146 
14 53 57 89 99 147 
29 92 149 0 0 0 
30 93 150 0 0 0 
31 94 151 0 0 0 
32 95 152 0 0 0 
33 96 153 0 0 0 
34 97 154 0 0 0 
35 98 141 0 0 0 
36 85 142 0 0 0 
37 86 143 0 0 0 
38 87 144 0 0 0 
39 88 145 0 0 0 
40 89 146 0 0 0 
41 90 147 0 0 0 
42 91 148 0 0 0 
29 76 122 0 0 0 
30 77 123 0 0 0 
31 78 124 0 0 0 
32 79 125 0 0 0 
33 80 126 0 0 0 
34 81 113 0 0 0 
35 82 114 0 0 0 
36 83 115 0 0 0 
37 84 116 0 0 0 
38 71 117 0 0 0 
39 72 118 0 0 0 
40 73 119 0 0 0 
41 74 120 0 0 0 
42 75 121 0 0 0 
15 33 72 122 130 155 
16 34 73 123 131 156 
17 35 74 124 132 157 
18 36 75 125 133 158 
19 37 76 126 134 159 
20 38 77 113 135 160 
21 39 78 114 136 161 
22 40 79 115 137 162 
23 41 80 116 138 163 
24 42 81 117 139 164 
25 29 82 118 140 165 
26 30 83 119 127 166 
27 31 84 120 128 167 
28 32 71 121 129 168 
15 60 105 0 0 0 
16 61 106 0 0 0 
17 62 107 0 0 0 
18 63 108 0 0 0 
19 64 109 0 0 0 
20 65 110 0 0 0 
21 66 111 0 0 0 
22 67 112 0 0 0 
23 68 99 0 0 0 
24 69 100 0 0 0 
25 70 101 0 0 0 
26 57 102 0 0 0 
27 58 103 0 0 0 
28 59 104 0 0 0 
15 42 73 120 129 166 
16 29 74 121 130 167 
17 30 75 122 131 168 
18 31 76 123 132 155 
19 32 77 124 133 156 
20 33 78 125 134 157 
21 34 79 126 135 158 
22 35 80 113 136 159 
23 36 81 114 137 160 
24 37 82 115 138 161 
25 38 83 116 139 162 
26 39 84 117 140 163 
27 40 71 118 127 164 
28 41 72 119 128 165 
1 45 143 0 0 0 
2 46 144 0 0 0 
3 47 145 0 0 0 
4 48 146 0 0 0 
5 49 147 0 0 0 
6 50 148 0 0 0 
7 51 149 0 0 0 
8 52 150 0 0 0 
9 53 151 0 0 0 
10 54 152 0 0 0 
11 55 153 0 0 0 
12 56 154 0 0 0 
13 43 141 0 0 0 
14 44 142 0 0 0 
1 53 62 91 111 150 
2 54 63 92 112 151 
3 55 64 93 99 152 
4 56 65 94 100 153 
5 43 66 95 101 154 
6 44 67 96 102 141 
7 45 68 97 103 142 
8 46 69 98 104 143 
9 47 70 85 105 144 
10 48 57 86 106 145 
11 49 58 87 107 146 
12 50 59 88 108 147 
13 51 60 89 109 148 
14 52 61 90 110 149 
57 94 134 0 0 0 
58 95 135 0 0 0 
59 96 136 0 0 0 
60 97 137 0 0 0 
61 98 138 0 0 0 
62 85 139 0 0 0 
63 86 140 0 0 0 
64 87 127 0 0 0 
65 88 128 0 0 0 
66 89 129 0 0 0 
67 90 130 0 0 0 
68 91 131 0 0 0 
69 92 132 0 0 0 
70 93 133 0 0 0 
15 35 71 123 140 167 
16 36 72 124 127 168 
17 37 73 125 128 155 
18 38 74 126 129 156 
19 39 75 113 130 157 
20 40 76 114 131 158 
21 41 77 115 132 159 
22 42 78 116 133 160 
23 29 79 117 134 161 
24 30 80 118 135 162 
25 31 81 119 136 163 
26 32 82 120 137 164 
27 33 83 121 138 165 
28 34 84 122 139 166 
1 81 159 0 0 0 
2 82 160 0 0 0 
3 83 161 0 0 0 
4 84 162 0 0 0 
5 71 163 0 0 0 
6 72 164 0 0 0 
7 73 165 0 0 0 
8 74 166 0 0 0 
9 75 167 0 0 0 
10 76 168 0 0 0 
11 77 155 0 0 0 
12 78 156 0 0 0 
13 79 157 0 0 0 
14 80 158 0 0 0 
1 15 0 0 0 0 
2 16 0 0 0 0 
3 17 0 0 0 0 
4 18 0 0 0 0 
5 19 0 0 0 0 
6 20 0 0 0 0 
7 21 0 0 0 0 
8 22 0 0 0 0 
9 23 0 0 0 0 
10 24 0 0 0 0 
11 25 0 0 0 0 
12 26 0 0 0 0 
13 27 0 0 0 0 
14 28 0 0 0 0 
15 29 0 0 0 0 
16 30 0 0 0 0 
17 31 0 0 0 0 
18 32 0 0 0 0 
19 33 0 0 0 0 
20 34 0 0 0 0 
21 35 0 0 0 0 
22 36 0 0 0 0 
23 37 0 0 0 0 
24 38 0 0 0 0 
25 39 0 0 0 0 
26 40 0 0 0 0 
27 41 0 0 0 0 
28 42 0 0 0 0 
29 43 0 0 0 0 
30 44 0 0 0 0 
31 45 0 0 0 0 
32 46 0 0 0 0 
33 47 0 0 0 0 
34 48 0 0 0 0 
35 49 0 0 0 0 
36 50 0 0 0 0 
37 51 0 0 0 0 
38 52 0 0 0 0 
39 53 0 0 0 0 
40 54 0 0 0 0 
41 55 0 0 0 0 
42 56 0 0 0 0 
43 57 0 0 0 0 
44 58 0 0 0 0 
45 59 0 0 0 0 
46 60 0 0 0 0 
47 61 0 0 0 0 
48 62 0 0 0 0 
49 63 0 0 0 0 
50 64 0 0 0 0 
51 65 0 0 0 0 
52 66 0 0 0 0 
53 67 0 0 0 0 
54 68 0 0 0 0 
55 69 0 0 0 0 
56 70 0 0 0 0 
57 71 0 0 0 0 
58 72 0 0 0 0 
59 73 0 0 0 0 
60 74 0 0 0 0 
61 75 0 0 0 0 
62 76 0 0 0 0 
63 77 0 0 0 0 
64 78 0 0 0 0 
65 79 0 0 0 0 
66 80 0 0 0 0 
67 81 0 0 0 0 
68 82 0 0 0 0 
69 83 0 0 0 0 
70 84 0 0 0 0 
71 85 0 0 0 0 
72 86 0 0 0 0 
73 87 0 0 0 0 
74 88 0 0 0 0 
75 89 0 0 0 0 
76 90 0 0 0 0 
77 91 0 0 0 0 
78 92 0 0 0 0 
79 93 0 0 0 0 
80 94 0 0 0 0 
81 95 0 0 0 0 
82 96 0 0 0 0 
83 97 0 0 0 0 
84 98 0 0 0 0 
85 99 0 0 0 0 
86 100 0 0 0 0 
87 101 0 0 0 0 
88 102 0 0 0 0 
89 103 0 0 0 0 
90 104 0 0 0 0 
91 105 0 0 0 0 
92 106 0 0 0 0 
93 107 0 0 0 0 
94 108 0 0 0 0 
95 109 0 0 0 0 
96 110 0 0 0 0 
97 111 0 0 0 0 
98 112 0 0 0 0 
99 113 0 0 0 0 
100 114 0 0 0 0 
101 115 0 0 0 0 
102 116 0 0 0 0 
103 117 0 0 0 0 
104 118 0 0 0 0 
105 119 0 0 0 0 
106 120 0 0 0 0 
107 121 0 0 0 0 
108 122 0 0 0 0 
109 123 0 0 0 0 
110 124 0 0 0 0 
111 125 0 0 0 0 
112 126 0 0 0 0 
113 127 0 0 0 0 
114 128 0 0 0 0 
115 129 0 0 0 0 
116 130 0 0 0 0 
117 131 0 0 0 0 
118 132 0 0 0 0 
119 133 0 0 0 0 
120 134 0 0 0 0 
121 135 0 0 0 0 
122 136 0 0 0 0 
123 137 0 0 0 0 
124 138 0 0 0 0 
125 139 0 0 0 0 
126 140 0 0 0 0 
127 141 0 0 0 0 
128 142 0 0 0 0 
129 143 0 0 0 0 
130 144 0 0 0 0 
131 145 0 0 0 0 
132 146 0 0 0 0 
133 147 0 0 0 0 
134 148 0 0 0 0 
135 149 0 0 0 0 
136 150 0 0 0 0 
137 151 0 0 0 0 
138 152 0 0 0 0 
139 153 0 0 0 0 
140 154 0 0 0 0 
141 155 0 0 0 0 
142 156 0 0 0 0 
143 157 0 0 0 0 
144 158 0 0 0 0 
145 159 0 0 0 0 
146 160 0 0 0 0 
147 161 0 0 0 0 
148 162 0 0 0 0 
149 163 0 0 0 0 
150 164 0 0 0 0 
151 165 0 0 0 0 
152 166 0 0 0 0 
153 167 0 0 0 0 
154 168 0 0 0 0 
183 169 113 15 127 29 0 
184 170 114 16 128 30 0 
185 171 115 17 129 31 0 
186 172 116 18 130 32 0 
187 173 117 19 131 33 0 
188 174 118 20 132 34 0 
189 175 119 21 133 35 0 
190 176 120 22 134 36 0 
191 177 121 23 135 37 0 
192 178 122 24 136 38 0 
193 179 123 25 137 39 0 
194 180 124 26 138 40 0 
195 181 125 27 139 41 0 
196 182 126 28 140 42 0 
183 197 85 28 155 99 71 
184 198 86 15 156 100 72 
185 199 87 16 157 101 73 
186 200 88 17 158 102 74 
187 201 89 18 159 103 75 
188 202 90 19 160 104 76 
189 203 91 20 161 105 77 
190 204 92 21 162 106 78 
191 205 93 22 163 107 79 
192 206 94 23 164 108 80 
193 207 95 24 165 109 81 
194 208 96 25 166 110 82 
195 209 97 26 167 111 83 
196 210 98 27 168 112 84 
197 211 57 43 163 100 81 
198 212 58 44 164 101 82 
199 213 59 45 165 102 83 
200 214 60 46 166 103 84 
201 215 61 47 167 104 71 
202 216 62 48 168 105 72 
203 217 63 49 155 106 73 
204 218 64 50 156 107 74 
205 219 65 51 157 108 75 
206 220 66 52 158 109 76 
207 221 67 53 159 110 77 
208 222 68 54 160 111 78 
209 223 69 55 161 112 79 
210 224 70 56 162 99 80 
211 225 1 125 131 32 0 
212 226 2 126 132 33 0 
213 227 3 113 133 34 0 
214 228 4 114 134 35 0 
215 229 5 115 135 36 0 
216 230 6 116 136 37 0 
217 231 7 117 137 38 0 
218 232 8 118 138 39 0 
219 233 9 119 139 40 0 
220 234 10 120 140 41 0 
221 235 11 121 127 42 0 
222 236 12 122 128 29 0 
223 237 13 123 129 30 0 
224 238 14 124 130 31 0 
225 239 141 96 136 42 0 
226 240 142 97 137 29 0 
227 241 143 98 138 30 0 
228 242 144 85 139 31 0 
229 243 145 86 140 32 0 
230 244 146 87 127 33 0 
231 245 147 88 128 34 0 
232 246 148 89 129 35 0 
233 247 149 90 130 36 0 
234 248 150 91 131 37 0 
235 249 151 92 132 38 0 
236 250 152 93 133 39 0 
237 251 153 94 134 40 0 
238 252 154 95 135 41 0 
239 253 173 66 155 111 84 
240 254 174 67 156 112 71 
241 255 175 68 157 99 72 
242 256 176 69 158 100 73 
243 257 177 70 159 101 74 
244 258 178 57 160 102 75 
245 259 179 58 161 103 76 
246 260 180 59 162 104 77 
247 261 181 60 163 105 78 
248 262 182 61 164 106 79 
249 263 169 62 165 107 80 
250 264 170 63 166 108 81 
251 265 171 64 167 109 82 
252 266 172 65 168 110 83 
253 267 146 50 135 38 0 
254 268 147 51 136 39 0 
255 269 148 52 137 40 0 
256 270 149 53 138 41 0 
257 271 150 54 139 42 0 
258 272 151 55 140 29 0 
259 273 152 56 127 30 0 
260 274 153 43 128 31 0 
261 275 154 44 129 32 0 
262 276 141 45 130 33 0 
263 277 142 46 131 34 0 
264 278 143 47 132 35 0 
265 279 144 48 133 36 0 
266 280 145 49 134 37 0 
267 281 93 26 129 42 0 
268 282 94 27 130 29 0 
269 283 95 28 131 30 0 
270 284 96 15 132 31 0 
271 285 97 16 133 32 0 
272 286 98 17 134 33 0 
273 287 85 18 135 34 0 
274 288 86 19 136 35 0 
275 289 87 20 137 36 0 
276 290 88 21 138 37 0 
277 291 89 22 139 38 0 
278 292 90 23 140 39 0 
279 293 91 24 127 40 0 
280 294 92 25 128 41 0 
281 295 2 62 159 106 76 
282 296 3 63 160 107 77 
283 297 4 64 161 108 78 
284 298 5 65 162 109 79 
285 299 6 66 163 110 80 
286 300 7 67 164 111 81 
287 301 8 68 165 112 82 
288 302 9 69 166 99 83 
289 303 10 70 167 100 84 
290 304 11 57 168 101 71 
291 305 12 58 155 102 72 
292 306 13 59 156 103 73 
293 307 14 60 157 104 74 
294 308 1 61 158 105 75 
295 309 148 156 111 82 0 
296 310 149 157 112 83 0 
297 311 150 158 99 84 0 
298 312 151 159 100 71 0 
299 313 152 160 101 72 0 
300 314 153 161 102 73 0 
301 315 154 162 103 74 0 
302 316 141 163 104 75 0 
303 317 142 164 105 76 0 
304 318 143 165 106 77 0 
305 319 144 166 107 78 0 
306 320 145 167 108 79 0 
307 321 146 168 109 80 0 
308 322 147 155 110 81 0 
309 323 125 49 132 36 0 
310 324 126 50 133 37 0 
311 325 113 51 134 38 0 
312 326 114 52 135 39 0 
313 327 115 53 136 40 0 
314 328 116 54 137 41 0 
315 329 117 55 138 42 0 
316 330 118 56 139 29 0 
317 331 119 43 140 30 0 
318 332 120 44 127 31 0 
319 333 121 45 128 32 0 
320 334 122 46 129 33 0 
321 335 123 47 130 34 0 
322 336 124 48 131 35 0 
323 10 179 157 102 71 0 
324 11 180 158 103 72 0 
325 12 181 159 104 73 0 
326 13 182 160 105 74 0 
327 14 169 161 106 75 0 
328 1 170 162 107 76 0 
329 2 171 163 108 77 0 
330 3 172 164 109 78 0 
331 4 173 165 110 79 0 
332 5 174 166 111 80 0 
333 6 175 167 112 81 0 
334 7 176 168 99 82 0 
335 8 177 155 100 83 0 
336 9 178 156 101 84 0 
